43382140.0  42901540.0  38041220.0  28839770.0  17427530.0  6789900.0  1487620.0  1000280.0  3844660.0  17460220.0  34587420.0  44028190.0  
46802930.0  45942600.0  39871260.0  29597050.0  17543020.0  7768210.0  1356850.0  689360.0  3483890.0  18610980.0  33858340.0  42615600.0  
45075440.0  44270340.0  38329400.0  28831490.0  18759090.0  7390500.0  1622390.0  871470.0  3126140.0  17075000.0  33009140.000000004  43566930.0  
45489340.0  44075470.0  39702090.0  28742540.0  15949750.0  5980050.0  1350900.0  829210.0  4005519.9999999995  19073240.0  34708510.0  44243190.0  
48669270.0  46473510.0  40956170.0  29080580.0  18237050.0  6944080.0  1511610.0  739520.0  3297020.0  17366690.0  36726050.0  44749090.0  
44940540.0  45432380.0  38943140.0  28540150.0  18018190.0  7410180.0  1557510.0  812820.0  4501390.0  17152610.0  34025040.0  43034810.0  
47152020.0  44254970.0  40999820.0  29240900.0  17499760.0  8188879.999999999  1659310.0  753360.0  3474910.0  17351470.0  33882290.0  43247250.0  
45709420.0  44911820.0  39842940.0  28659080.0  17062270.0  6497160.0  1375520.0  729940.0  2645410.0  15724410.0  34217770.0  42090130.0  
45580980.0  44175050.0  37785100.0  28404200.0  16980860.0  7224570.0  1721770.0  698460.0  3684650.0  16830950.0  33652950.0  42684700.0  
44328140.0  43350380.0  36370960.0  27269990.0  15873900.0  5680190.0  1176390.0  603480.0  3197810.0  16984620.0  32277009.999999996  42896970.0  
45228380.0  44216630.0  38511460.0  27724570.0  16621820.0  6443540.0  1276530.0  796150.0  2763870.0  17084140.0  34081680.0  43503190.0  
45716950.0  43547490.0  37641900.0  28352460.0  17830980.0  8157959.999999999  1672910.0  854520.0  4849130.0  18812600.0  35260790.0  44991840.0  
47520460.0  44959660.0  39449090.0  27663230.0  16698650.0  6117720.0  1298550.0  908900.0  3915140.0  18937950.0  38709000.0  45313600.0  
45785690.0  45610550.0  39061760.0  28480670.0  16717469.999999998  6497660.0  1356870.0  818650.0  3022280.0  15123690.0  32672530.0  43203030.0  
45302330.0  41638940.0  36442570.0  27856100.0  16113579.999999998  6016590.0  1270000.0  742130.0  3619330.0  16327330.0  33531399.999999996  42881330.0  
45841000.0  44384460.0  39939550.0  30770240.0  17864950.0  7663670.0  1475680.0  825530.0  4312740.0  18109700.0  34144690.0  41567260.0  
46072010.0  44218850.0  37582870.0  27811390.0  15800110.0  6460630.0  1308150.0  813090.0  3363020.0  17720750.0  33128870.0  42609280.0  
45256520.0  42934310.0  38688210.0  28061910.0  16720980.0  6184870.0  1280110.0  791410.0  4334050.0  18150470.0  33906400.0  42681040.0  
44041260.0  42337970.0  37999200.0  28052660.0  16466370.000000002  6749740.0  1329900.0  675590.0  3347070.0  17764930.0  33308220.0  41920330.0  
46341980.0  44115280.0  37293490.0  27259200.0  16233310.0  6437810.0  1343740.0  865320.0  4040920.0  17598130.0  33737920.0  42999390.0  
45337710.0  44215710.0  38003890.0  28366720.0  15968590.0  6306490.0  1412870.0  851630.0  3931380.0  17226450.0  30705450.0  43053840.0  
44965060.0  41278960.0  35722420.0  28674250.0  17481840.0  6612070.0  1292270.0  801230.0  3957630.0  19808490.0  34109210.0  43642980.0  
45625660.0  45767230.0  39800560.0  28512470.0  16736560.0  6697420.0  1269600.0  741550.0  2785830.0  15384850.0  33745400.0  41853090.0  
45490880.0  44110610.0  37100090.0  27968220.0  18175870.0  7228120.0  1290650.0  697850.0  3466400.0  17851030.0  32310910.0  42654000.0  
44928050.0  45337830.0  39011080.0  27683420.0  14990680.0  5695040.0  1306500.0  643100.0  3216290.0  15550360.0  30188610.0  41941650.0  
45370080.0  44003580.0  38813480.0  28122780.0  16225650.000000002  5562150.0  1206210.0  626440.0  2430520.0  17317860.0  32021420.0  40306700.0  
42910590.0  42472060.0  36948650.0  26464330.0  15175220.0  6368480.0  1189220.0  559700.0  2979150.0  15607280.0  31233680.0  42490600.0  
46892000.0  45262540.0  35586520.0  27625610.0  16092700.0  5895160.0  1144860.0  678690.0  3484600.0  15304440.0  30578180.0  41068940.0  
45230350.0  42616010.0  37853870.0  27481900.0  16394900.0  5863250.0  1150200.0  546150.0  2516090.0  16419770.0  31815620.0  42834140.0  
45941540.0  45900160.0  38568010.0  27119510.0  14079400.0  5587320.0  1150340.0  590330.0  3639430.0  16011000.0  30528360.0  42889880.0  
45485710.0  44646900.0  39759240.0  27688790.0  15152760.0  5445010.0  1048070.0  568340.0  3106460.0  14403410.0  32708010.0  40723190.0  
43817210.0  44639600.0  38569050.0  26899780.0  15557050.0  5420510.0  1218120.0  628440.0  2522710.0  16479310.000000002  32736469.999999996  43910540.0  
46154850.0  44108570.0  38927030.0  30593030.0  15342780.0  5316780.0  1199300.0  701890.0  4093650.0000000005  17111890.0  30619890.0  41687260.0  
42804120.0  43480500.0  36280220.0  26867660.0  15776680.0  5898900.0  1074220.0  601580.0  3632710.0  18042520.0  33061250.0  40844640.0  
