UKESM1-0-LL 46273064.69435022 44556295.00864088 40758477.78309101 31500490.927359387 19915138.0921175 10084962.155716153 2560508.9661351945 3553246.016135937 12329745.491974736 23884626.753525864 36596554.64171218 44374818.060608886 
HadGEM3-GC31-LL 49339162.38443118 49108179.435875356 45531939.59041729 36025806.82727423 22290588.328927696 7970344.404529214 2128218.5560790477 2961103.1403449536 11562027.413190782 27960120.66835755 40596205.162535734 47440842.952673435 
HadGEM3-GC31-MM 49549788.211286955 49195615.83850294 45670684.5586882 36652404.365072824 22488009.76081634 8896442.68461532 2556978.741745746 3111183.5570298084 11672448.261125376 27450659.93629211 41378475.92806345 47675528.4313099 
MRI-ESM2-0 41115393.89239049 40466948.59101057 36342903.99573365 29090615.402233347 16748686.78930108 4203493.431458622 561157.4712398207 311835.544608206 1904256.121367964 12603787.910404613 27485165.234039005 36679593.351580285 
CMCC-CM2-SR5 39753645.87178472 39215743.83036056 35154334.56780731 26126330.202657964 12915360.777698321 3066667.007384154 1378240.0756843737 1374430.0414378531 2589998.258612165 11335700.061744165 24365599.49855319 34744092.148719504 
EC-Earth3 58504139.993894406 57344586.44589446 53106357.124240525 44774611.78671769 32720393.292872883 18852834.15461369 6896211.707002015 6783992.346043315 17305557.746445507 34821718.16936111 48310889.56265627 56188010.92330529 
BCC-ESM1 43355238.63014286 44038710.563519195 40904014.309997156 32920528.1345514 21933321.517575562 9555169.371389614 4657231.608351578 3931906.6147387363 5014536.915765834 13684707.194122275 26913423.38994255 37724351.81894082 
BCC-CSM2-MR 39918808.161106355 40118324.02098876 36877119.67567931 29229856.774001855 18144138.490673453 7748057.82752408 3521695.3253074833 2771575.7581680194 4607820.378239415 14138217.427351097 25549673.992698528 35045544.36499236 
SAM0-UNICON 41915546.17380088 39865526.26727967 34378051.41548305 25699742.929777637 14432556.508778937 6598411.220709503 1974773.2763951193 1194386.7991009224 4065770.4617548776 16029215.527199654 29114928.9104757 38441799.96341199 
MIROC-ES2L 47475393.42511561 46325060.79320687 40341077.332358435 29294142.031056114 16111130.734483404 3765497.294807164 2466725.6122826757 2919594.4557580845 6513572.790032296 19737326.843324788 34337652.33424814 43606129.26556743 
MIROC6 49198219.14529464 48024259.30431941 42368922.066050634 31189503.887811206 16044049.986065848 3753600.056569714 1771150.8566636017 1951966.028349768 5192263.466955141 19130012.10555277 34496265.74343712 45528024.97938417 
CNRM-CM6-1-HR 47643512.3175444 47298068.776149996 41217461.1948511 27539257.37591797 12553296.848851336 2905594.975806911 950402.5597177091 845676.8689023807 3186164.983203604 14940881.498660324 30962261.467625014 42986798.688758686 
CNRM-CM6-1 46189131.95426945 45798403.50986903 39030530.66694164 25164436.71105196 11051173.640111199 2073883.0245098323 665930.4966962483 554947.2652979565 1996753.2847386173 12676796.199366406 28693962.501893565 40691484.3121287 
CNRM-ESM2-1 44950409.47592283 44345055.816731095 37696761.958760135 24386135.958384704 10346121.295811458 1815820.0124652279 533944.4037244251 396239.57558022276 1558708.8456160696 11584026.052192757 27066530.84224548 39159572.068264686 
MPI-ESM1-2-LR 29450086.977605127 29550032.450136814 25750283.83821886 18673779.89860288 8344596.434969266 389145.05280493526 13126.41323967601 57111.53927615073 985352.4828520331 7472262.51730441 16755203.496358883 25202597.652951784 
MPI-ESM1-2-HR 30382200.92784851 30400067.581607893 25912580.509531777 17914644.33662772 7401073.7480856795 1181856.8410558954 1013291.3766587289 1054950.374467741 2126443.9229702777 8484312.446665827 18541530.492243923 26387354.846047167 
CIESM 43463843.77742505 42037646.783897266 36096678.47963899 25367958.9585411 13592864.852273924 4411410.323522936 2185765.8116138135 2020655.9179533178 2750477.183284396 12442021.552612266 28461536.825097658 39213237.42993169 
NorCPM1 41416004.57191447 40418352.18032641 35584880.84483959 28920256.011849485 20769244.295201596 12618603.370950123 6693708.65392178 4598432.908973272 6788433.991091922 17120573.754547883 29806429.55491953 38103102.82335448 
NorESM2-LM 36912099.64134531 36599939.84143971 31621062.705335632 22938838.0937246 13095961.94721087 5771440.191326835 2077991.910517491 1175681.113010371 2358819.8935954557 10676296.014082447 22032807.343366116 31563934.399002377 
GFDL-CM4 36092075.49870368 35464880.15813448 31374327.85452632 22213451.892387774 10838007.43891763 2333389.4679183504 334843.688477571 282935.33495007444 2401798.050466246 12041480.672147183 23613943.686725315 32493193.260838356 
FGOALS-f3-L 45347951.090883985 43857904.48015929 39179176.162133425 29985456.213784408 17618620.971724693 6611617.76834059 2761433.1304629096 2501856.614533704 5799162.358491547 18628746.700075388 32380338.34654626 41664459.4440319 
CAS-ESM2-0 45971097.346806236 44236038.23755539 38277423.3905714 27000337.67264374 10902568.472713185 2782784.2110790703 1871662.3745453663 1907997.2705511996 5086954.641056191 18586033.892859396 33574872.63051722 43152326.13917303 
FGOALS-g3 46985842.31517878 46653388.39976465 42906229.84196856 34256282.938146226 20504886.194850177 9554102.048914628 5545809.74746091 5151869.581601528 7600897.038619323 19125874.814720463 33343412.428689804 42930658.87147585 
IPSL-CM6A-LR 43315065.10202382 42531933.95830947 37828012.24555996 27052520.61633252 12337430.571384996 3915646.324103458 2347250.6995919845 2241213.235350568 3684407.9666479845 13940645.79230752 28871355.359919187 39005353.50358627 
CESM2-WACCM 39108169.42710352 39152855.664587796 34481732.631694846 25026850.889807645 13972534.438435912 5976606.955448004 2061146.5669863168 962247.3616555379 2726703.387618116 11726246.850855738 23377873.909377854 33491795.686836313 
CESM2-WACCM-FV2 38241599.76112577 37867862.603066355 32356701.858551178 23287375.34295856 13212468.001068398 5378364.657234841 1414587.4983180114 653981.0237767856 2311896.870648126 11285062.518881675 23359941.044785462 32901139.67436777 
CESM2-FV2 37691155.45459748 37539122.840637565 32458903.500133276 23679539.88017433 13716657.562388297 5857398.611554037 1839784.5022255327 771257.9817244494 2429587.9981605313 11258449.48108062 22793713.68588025 32415422.250481702 
CESM2 39383473.532790795 39247642.67943066 33692705.28037302 23462954.790355973 12743939.043564208 5424644.1866595615 1892255.9845631924 839419.2536403484 2518145.027351402 11445474.13743398 23458457.97839909 33400052.19868198 
TaiESM1 43882030.70631122 41972247.03554637 36106849.28794267 26824229.229175497 15821878.974309603 7483245.3550375365 2902480.121629334 2313232.313548851 4589427.3816217575 16644800.915321358 29772696.960277405 40439111.22465174 
GISS-E2-1-H 38971589.30536015 38595289.41303148 35268625.75455912 28589965.11776015 17778230.04746922 6746584.763935882 1876461.5394889165 1425795.4888398459 4798927.021864169 15140357.38033468 27123006.126403116 35271454.890857026 
GISS-E2-1-G 39617288.564429246 39549604.5903044 36717944.4776432 30498174.98068319 20993987.556395233 9818542.29815498 3843347.179229526 3304332.813535162 7203209.415053398 18034152.374454603 29113106.076364223 36716286.365479656 
CanESM5 41623800.02575037 42034461.27978693 38100402.82278523 29044739.84198734 16194967.431822598 4872210.704776297 1073493.5672770254 798388.6766901517 2391053.478407422 12808121.984017102 26741615.21621211 36444138.54697925 
