[Year] [OHC0-2000m, ZJ]
1940.5 -221.27
1941.5 -217.72
1942.5 -188.99
1943.5 -175.33
1944.5 -177.27
1945.5 -175.80
1946.5 -185.37
1947.5 -170.61
1948.5 -170.95
1949.5 -185.54
1950.5 -212.53
1951.5 -185.67
1952.5 -190.17
1953.5 -174.56
1954.5 -142.08
1955.5 -171.52
1956.5 -164.20
1957.5 -169.94
1958.5 -112.66
1959.5 -140.15
1960.5 -125.84
1961.5 -110.06
1962.5 -90.39
1963.5 -99.53
1964.5 -132.71
1965.5 -126.35
1966.5 -106.55
1967.5 -108.68
1968.5 -128.57
1969.5 -130.72
1970.5 -141.16
1971.5 -116.96
1972.5 -115.70
1973.5 -114.08
1974.5 -85.81
1975.5 -83.10
1976.5 -98.84
1977.5 -88.88
1978.5 -79.01
1979.5 -92.11
1980.5 -86.08
1981.5 -85.06
1982.5 -89.71
1983.5 -99.08
1984.5 -110.56
1985.5 -93.78
1986.5 -61.75
1987.5 -61.76
1988.5 -65.66
1989.5 -73.03
1990.5 -75.78
1991.5 -40.94
1992.5 -33.05
1993.5 -26.38
1994.5 -18.67
1995.5 -28.39
1996.5 2.32
1997.5 0.18
1998.5 18.41
1999.5 31.83
2000.5 13.63
2001.5 23.39
2002.5 51.09
2003.5 77.10
2004.5 78.81
2005.5 90.13
2006.5 113.30
2007.5 97.52
2008.5 113.00
2009.5 128.68
2010.5 124.22
2011.5 135.17
2012.5 148.00
2013.5 161.09
2014.5 167.79
2015.5 186.44
2016.5 182.25
2017.5 202.43
2018.5 195.15
2019.5 214.47
2020.5 234.20