   0.0000000e+00   0.0000000e+00   0.0000000e+00   0.0000000e+00   0.0000000e+00   0.0000000e+00   0.0000000e+00   0.0000000e+00   0.0000000e+00   0.0000000e+00   0.0000000e+00   0.0000000e+00   0.0000000e+00   0.0000000e+00   0.0000000e+00   0.0000000e+00   0.0000000e+00   0.0000000e+00   0.0000000e+00
  -1.8038793e-01  -3.6370218e-02  -9.7176724e-02  -4.1456088e-02  -8.3499461e-02  -1.3162042e-02  -7.1889817e-02  -1.9266063e-03  -8.4482759e-02  -4.4078327e-03  -7.8738719e-03  -2.9063679e-03  -4.7429957e-02  -3.6872980e-02  -2.3234779e-02  -5.1960702e-03  -3.2510776e-02  -1.6945780e-03  -2.2025862e-02
  -3.4568427e-01  -8.1411470e-02  -1.6224138e-01  -7.9089440e-02  -1.8882813e-01  -3.2770744e-02  -1.3233028e-01  -6.7200128e-03  -2.0190463e-01  -7.7856866e-03  -1.4203575e-02  -4.9640734e-03  -1.0980738e-01  -7.7529970e-02  -4.2165527e-02  -8.8667876e-03  -6.7661638e-02  -3.4072876e-03  -4.0538793e-02
  -4.4852909e-01  -1.1716342e-01  -2.7428879e-01  -1.2280981e-01  -2.4380119e-01  -5.6978718e-02  -1.7670528e-01  -1.1889648e-02  -2.7869612e-01  -1.1549683e-02  -1.9663444e-02  -7.3116224e-03  -1.8261954e-01  -1.3398606e-01  -6.3203462e-02  -1.2752023e-02  -1.0460668e-01  -5.4748219e-03  -2.4547414e-02
  -5.5532328e-01  -1.4888285e-01  -3.3652478e-01  -1.4770205e-01  -3.7265625e-01  -7.3248922e-02  -2.5760506e-01  -1.6751709e-02  -3.6366649e-01  -1.5239679e-02  -2.5958631e-02  -9.1310383e-03  -2.4449657e-01  -1.8186086e-01  -7.8982860e-02  -1.5562955e-02  -1.4155307e-01  -7.2092517e-03  -9.9428879e-02
  -6.5513739e-01  -1.7139093e-01  -4.4968211e-01  -2.1944774e-01  -5.1795259e-01  -1.0042632e-01  -3.2198545e-01  -2.1737945e-02  -4.5390356e-01  -1.8751810e-02  -2.8977072e-02  -1.1194553e-02  -3.0491043e-01  -2.2359476e-01  -1.0233112e-01  -1.9396731e-02  -2.0559941e-01  -8.1512767e-03  -2.0046336e-01
  -9.0580011e-01  -1.8863450e-01  -5.9300108e-01  -3.0179553e-01  -5.9650862e-01  -1.4289062e-01  -4.0844423e-01  -2.6808745e-02  -5.5644127e-01  -2.1262817e-02  -3.5513453e-02  -1.3458136e-02  -3.8410257e-01  -2.7976192e-01  -1.2859316e-01  -2.3448276e-02  -2.4698680e-01  -9.2129885e-03  -4.5424569e-01
  -1.1476616e+00  -2.4237911e-01  -6.5746228e-01  -3.8551185e-01  -7.1820582e-01  -1.6927532e-01  -4.7765625e-01  -3.3540186e-02  -6.3654095e-01  -2.5571373e-02  -4.0642763e-02  -1.5663452e-02  -4.4534314e-01  -3.3586308e-01  -1.4616548e-01  -2.7393104e-02  -3.0510372e-01  -1.1249021e-02  -5.2417026e-01
  -1.2360937e+00  -2.8615857e-01  -7.2626078e-01  -4.3545663e-01  -8.5106412e-01  -1.9280105e-01  -6.0667565e-01  -3.8052621e-02  -7.7870959e-01  -2.9962158e-02  -4.1161373e-02  -1.8102070e-02  -5.0279230e-01  -3.7074859e-01  -1.6780753e-01  -3.1856374e-02  -3.4463362e-01  -1.3052715e-02  -5.6575431e-01
  -1.4140140e+00  -3.3234628e-01  -8.7996228e-01  -5.2133082e-01  -1.0160237e+00  -2.1538254e-01  -7.0871228e-01  -4.3806910e-02  -9.0253772e-01  -3.3143268e-02  -4.5873939e-02  -2.0778104e-02  -5.5571828e-01  -4.0304317e-01  -1.9234686e-01  -3.5951980e-02  -3.9018319e-01  -1.4600788e-02  -7.1799569e-01
  -1.5633136e+00  -3.6504950e-01  -9.8223599e-01  -5.5437365e-01  -1.1098491e+00  -2.4951307e-01  -7.5492457e-01  -4.9879550e-02  -9.8590248e-01  -3.5196533e-02  -5.1252968e-02  -2.2399997e-02  -6.3463076e-01  -4.3888133e-01  -2.0870765e-01  -3.9009757e-02  -4.6922010e-01  -1.6502538e-02  -7.0300647e-01
  -1.8209914e+00  -3.6974643e-01  -1.1237823e+00  -6.1938039e-01  -1.1629661e+00  -2.7513807e-01  -8.2195717e-01  -5.4084494e-02  -1.0890760e+00  -3.9210752e-02  -5.1889796e-02  -2.3845520e-02  -7.1874545e-01  -4.9660257e-01  -2.2676657e-01  -4.1230890e-02  -5.2587419e-01  -1.7721537e-02  -8.2806034e-01
  -2.0360237e+00  -4.2165511e-01  -1.1767026e+00  -6.7530172e-01  -1.2874677e+00  -3.0392241e-01  -9.3660830e-01  -5.5531048e-02  -1.1908621e+00  -4.0446904e-02  -5.9254150e-02  -2.7280400e-02  -7.8481900e-01  -5.3496397e-01  -2.5045587e-01  -4.4581583e-02  -5.7324353e-01  -1.8457947e-02  -9.3927802e-01
  -2.3423976e+00  -4.2938308e-01  -1.3293157e+00  -7.6594558e-01  -1.4673491e+00  -3.5489426e-01  -9.9948949e-01  -6.1667691e-02  -1.2984806e+00  -4.3911743e-02  -6.1768399e-02  -2.8928907e-02  -8.5307482e-01  -5.8853044e-01  -2.7707755e-01  -5.0573625e-02  -6.0248518e-01  -1.8465124e-02  -1.0854526e+00
  -2.5160237e+00  -4.6943006e-01  -1.4704580e+00  -7.8528691e-01  -1.5809860e+00  -3.8066406e-01  -1.0667861e+00  -7.0029634e-02  -1.4587662e+00  -4.8252311e-02  -6.4564598e-02  -3.1281812e-02  -9.2162261e-01  -6.3413254e-01  -2.9588968e-01  -5.3626530e-02  -6.3438982e-01  -2.0516789e-02  -1.4317134e+00
  -2.6465894e+00  -4.6952738e-01  -1.5733513e+00  -8.3822468e-01  -1.7400808e+00  -4.0647697e-01  -1.1655172e+00  -7.6470674e-02  -1.5951724e+00  -5.1660219e-02  -6.7784340e-02  -3.3329657e-02  -9.8105940e-01  -6.8451071e-01  -3.1769371e-01  -5.8271947e-02  -6.5697602e-01  -2.2438628e-02  -1.5819397e+00
  -2.6235291e+00  -4.8259311e-01  -1.6999731e+00  -9.2530981e-01  -1.8192430e+00  -4.5117120e-01  -1.2908028e+00  -8.2273412e-02  -1.6590679e+00  -5.5707587e-02  -7.1240403e-02  -3.5117240e-02  -1.0900175e+00  -7.4953192e-01  -3.3606336e-01  -6.1315581e-02  -7.2338901e-01  -2.4927621e-02  -1.6445905e+00
  -3.0342457e+00  -5.2231647e-01  -1.7663039e+00  -1.0038443e+00  -1.9485857e+00  -4.8834927e-01  -1.3955415e+00  -8.4579320e-02  -1.6778367e+00  -6.0110368e-02  -7.3256752e-02  -3.6320001e-02  -1.1522414e+00  -8.0578293e-01  -3.5935943e-01  -6.4890063e-02  -7.6706223e-01  -2.5760003e-02  -1.7286853e+00
  -3.4118588e+00  -5.3296833e-01  -1.9748168e+00  -1.0335574e+00  -2.0769397e+00  -5.2040544e-01  -1.4779526e+00  -8.8606546e-02  -1.8571875e+00  -6.2302330e-02  -7.6212137e-02  -3.8703445e-02  -1.2189749e+00  -8.3451845e-01  -3.7476184e-01  -6.8233927e-02  -7.9254445e-01  -2.6807882e-02  -1.9139763e+00
  -3.3215140e+00  -5.7223565e-01  -2.0089116e+00  -1.1053044e+00  -2.2302936e+00  -5.4721511e-01  -1.5509644e+00  -9.1718582e-02  -1.9626212e+00  -6.5239889e-02  -7.8824568e-02  -4.0188293e-02  -1.2788935e+00  -8.7227068e-01  -3.9603364e-01  -6.8910338e-02  -8.4987338e-01  -2.7724136e-02  -1.8348815e+00
  -3.4022899e+00  -5.9053172e-01  -2.2147845e+00  -1.1971040e+00  -2.3701428e+00  -5.7580550e-01  -1.6202478e+00  -9.6017351e-02  -2.1348141e+00  -6.8457873e-02  -8.0200037e-02  -4.3370151e-02  -1.3445117e+00  -9.1152243e-01  -4.1274473e-01  -6.8937925e-02  -9.0323141e-01  -2.7310538e-02  -1.7514763e+00
  -3.6790356e+00  -6.2425731e-01  -2.3511476e+00  -1.2547777e+00  -2.6157947e+00  -6.0804014e-01  -1.7022683e+00  -1.0007450e-01  -2.2557328e+00  -7.2307718e-02  -8.7685505e-02  -4.4323767e-02  -1.4001219e+00  -9.6700465e-01  -4.3620690e-01  -7.3507880e-02  -9.5269397e-01  -3.0313773e-02  -1.9277263e+00
  -3.8815086e+00  -6.2809301e-01  -2.4681088e+00  -1.3262204e+00  -2.7368966e+00  -6.3977707e-01  -1.8482732e+00  -1.0515861e-01  -2.3550889e+00  -7.4864313e-02  -9.2904789e-02  -4.6763358e-02  -1.4610998e+00  -1.0071720e+00  -4.5786200e-01  -7.6887859e-02  -9.9762392e-01  -3.0990380e-02  -2.0180603e+00
  -4.0876078e+00  -6.5305883e-01  -2.6044881e+00  -1.3713497e+00  -2.8322710e+00  -6.6369679e-01  -1.9035587e+00  -1.1302069e-01  -2.5142349e+00  -7.6351887e-02  -9.5385237e-02  -4.8869271e-02  -1.5261655e+00  -1.0590346e+00  -4.7404381e-01  -8.0910339e-02  -1.0633728e+00  -3.1786125e-02  -2.1638254e+00
  -4.3246336e+00  -6.9158607e-01  -2.7453233e+00  -1.4674475e+00  -2.9487931e+00  -6.8927061e-01  -1.9774071e+00  -1.2006907e-01  -2.6391460e+00  -7.9873131e-02  -9.5826206e-02  -5.1273709e-02  -1.5977899e+00  -1.1312002e+00  -4.9015499e-01  -8.0582849e-02  -1.0959388e+00  -3.4139341e-02  -2.2275431e+00
  -4.5570905e+00  -7.4071727e-01  -2.8494720e+00  -1.5214359e+00  -3.1092161e+00  -7.0871329e-01  -2.0688362e+00  -1.2246687e-01  -2.7570043e+00  -8.3295541e-02  -9.9652415e-02  -5.2524135e-02  -1.6595370e+00  -1.1407863e+00  -5.1393504e-01  -8.4082757e-02  -1.1666642e+00  -3.5048470e-02  -2.3706789e+00
  -4.7444531e+00  -7.4093784e-01  -2.9177802e+00  -1.5919531e+00  -3.2441595e+00  -7.6314453e-01  -2.2208769e+00  -1.2765215e-01  -2.8295393e+00  -8.6570456e-02  -1.0555936e-01  -5.6030137e-02  -1.7199475e+00  -1.1730007e+00  -5.2197678e-01  -8.5986202e-02  -1.2205435e+00  -3.5802444e-02  -2.3605711e+00
  -4.9158836e+00  -7.6468952e-01  -2.9880496e+00  -1.6417484e+00  -3.3447144e+00  -7.7127357e-01  -2.3004297e+00  -1.3211034e-01  -2.9103852e+00  -9.0218316e-02  -1.1036688e-01  -5.5970222e-02  -1.7650057e+00  -1.1708769e+00  -5.3436507e-01  -8.7177829e-02  -1.2528677e+00  -3.7194929e-02  -2.4582866e+00
  -5.0939224e+00  -7.7456543e-01  -3.1517349e+00  -1.6581829e+00  -3.5275404e+00  -8.1064857e-01  -2.4045393e+00  -1.3460174e-01  -3.0186476e+00  -9.2137262e-02  -1.1377658e-01  -5.6962417e-02  -1.8114510e+00  -1.2073673e+00  -5.4730696e-01  -8.8634480e-02  -1.2782799e+00  -3.7456528e-02  -2.7453879e+00
  -5.2439601e+00  -7.8670680e-01  -3.3064009e+00  -1.7547306e+00  -3.6191379e+00  -8.3877256e-01  -2.4781627e+00  -1.3799998e-01  -3.1858082e+00  -9.5014080e-02  -1.1534621e-01  -5.8155896e-02  -1.8646791e+00  -1.2528445e+00  -5.6503856e-01  -8.9525268e-02  -1.3251495e+00  -3.9091029e-02  -2.9401940e+00
  -5.5359106e+00  -8.0699589e-01  -3.2422091e+00  -1.8574098e+00  -3.7965625e+00  -9.0499327e-01  -2.6087958e+00  -1.4742070e-01  -3.4681870e+00  -9.6740228e-02  -1.2089655e-01  -5.9758211e-02  -1.9264251e+00  -1.3024599e+00  -5.8552271e-01  -9.1600042e-02  -1.3779270e+00  -3.9558632e-02  -3.0856250e+00
  -5.8264925e+00  -8.4144279e-01  -3.4041379e+00  -1.9800296e+00  -3.9260129e+00  -9.1252425e-01  -2.7487473e+00  -1.5385759e-01  -3.6262446e+00  -9.9276113e-02  -1.2646620e-01  -6.1311246e-02  -1.9825798e+00  -1.3453990e+00  -6.0408275e-01  -9.2876997e-02  -1.4100835e+00  -3.9475866e-02  -3.3262392e+00
  -6.0264655e+00  -8.5833109e-01  -3.5646929e+00  -2.1052425e+00  -4.0190086e+00  -9.2822064e-01  -2.9009644e+00  -1.6148143e-01  -3.8051643e+00  -1.0188925e-01  -1.2934068e-01  -6.2637029e-02  -2.0198889e+00  -1.4182099e+00  -6.1657930e-01  -9.3131030e-02  -1.4300970e+00  -4.0085386e-02  -3.3889224e+00
  -6.3152667e+00  -8.9331863e-01  -3.7558621e+00  -2.1273384e+00  -4.0958621e+00  -9.6319976e-01  -3.0500566e+00  -1.6295099e-01  -3.9330280e+00  -1.0450562e-01  -1.3238620e-01  -6.4934903e-02  -2.0868548e+00  -1.4930183e+00  -6.2598481e-01  -9.4412431e-02  -1.4476468e+00  -4.2482763e-02  -3.2746228e+00
  -6.5025943e+00  -9.1565244e-01  -3.9288308e+00  -2.1909523e+00  -4.2146794e+00  -1.0189514e+00  -3.2039440e+00  -1.6167725e-01  -4.0445474e+00  -1.0675038e-01  -1.3148138e-01  -6.6407497e-02  -2.1314652e+00  -1.5102815e+00  -6.3948970e-01  -9.8228397e-02  -1.5405294e+00  -4.2427589e-02  -3.5007004e+00
  -6.6963147e+00  -9.3851579e-01  -4.0612446e+00  -2.2624003e+00  -4.3046552e+00  -1.0707173e+00  -3.3186193e+00  -1.6813253e-01  -4.2186746e+00  -1.1082031e-01  -1.3344206e-01  -6.8693032e-02  -2.1754876e+00  -1.5476549e+00  -6.5238622e-01  -1.0001681e-01  -1.5870171e+00  -4.2360935e-02  -3.5155603e+00
  -6.7273949e+00  -9.7062062e-01  -4.1646929e+00  -2.3570353e+00  -4.4167322e+00  -1.1274205e+00  -3.4129364e+00  -1.7110545e-01  -4.2750889e+00  -1.1305961e-01  -1.3391404e-01  -6.8704329e-02  -2.2149293e+00  -1.5880401e+00  -6.6387586e-01  -1.0118368e-01  -1.5928819e+00  -4.2551859e-02  -3.6017672e+00
  -6.7042161e+00  -1.0098427e+00  -4.3092403e+00  -2.4258055e+00  -4.6260803e+00  -1.1473532e+00  -3.4995568e+00  -1.7516597e-01  -4.3740194e+00  -1.1596768e-01  -1.3694069e-01  -6.9683385e-02  -2.2664308e+00  -1.6296723e+00  -6.7329232e-01  -1.0174320e-01  -1.6248996e+00  -4.3366573e-02  -3.8085345e+00
  -6.8891918e+00  -1.0349103e+00  -4.5048276e+00  -2.5219100e+00  -4.7041999e+00  -1.1898478e+00  -3.5796282e+00  -1.7893100e-01  -4.5081034e+00  -1.1913299e-01  -1.4010207e-01  -7.1724133e-02  -2.3220909e+00  -1.6453283e+00  -6.9474584e-01  -1.0292167e-01  -1.6492807e+00  -4.3907339e-02  -3.7932759e+00
  -7.1803718e+00  -1.0307530e+00  -4.5867996e+00  -2.5710102e+00  -4.8521983e+00  -1.2301515e+00  -3.6734065e+00  -1.8375160e-01  -4.6109456e+00  -1.2185065e-01  -1.4248828e-01  -7.2882754e-02  -2.3657018e+00  -1.6738741e+00  -7.0788709e-01  -1.0595862e-01  -1.6783749e+00  -4.5871245e-02  -3.6837608e+00
  -7.2539278e+00  -1.0595093e+00  -4.7093265e+00  -2.6679135e+00  -4.9796228e+00  -1.2561928e+00  -3.7989305e+00  -1.8718316e-01  -4.7322387e+00  -1.2374486e-01  -1.4366896e-01  -7.3517240e-02  -2.4022852e+00  -1.7015559e+00  -7.2188750e-01  -1.0593103e-01  -1.7032509e+00  -4.5695696e-02  -3.7830819e+00
  -7.4850889e+00  -1.0585586e+00  -4.8604149e+00  -2.6686490e+00  -4.9843858e+00  -1.3212965e+00  -3.9271740e+00  -1.8937254e-01  -4.7797764e+00  -1.2695696e-01  -1.4531587e-01  -7.3067122e-02  -2.4390750e+00  -1.7356597e+00  -7.3084410e-01  -1.0582129e-01  -1.7300081e+00  -4.6578548e-02  -4.0217349e+00
  -7.6656358e+00  -1.0809739e+00  -4.9564170e+00  -2.7269693e+00  -5.1414467e+00  -1.3627236e+00  -4.0642390e+00  -1.9845240e-01  -4.8044127e+00  -1.2987079e-01  -1.4723862e-01  -7.3878679e-02  -2.4743609e+00  -1.7631907e+00  -7.4912497e-01  -1.0513103e-01  -1.7587291e+00  -4.6067137e-02  -4.1278879e+00
  -7.7981169e+00  -1.0929707e+00  -5.1296552e+00  -2.7648895e+00  -5.1211045e+00  -1.3825377e+00  -4.1604162e+00  -2.0906347e-01  -4.8998384e+00  -1.3185486e-01  -1.4675311e-01  -7.4556885e-02  -2.5234831e+00  -1.7932749e+00  -7.5702893e-01  -1.0862620e-01  -1.8060048e+00  -4.6771698e-02  -3.9209267e+00
  -8.0110668e+00  -1.0962183e+00  -5.2692403e+00  -2.8512325e+00  -5.2535857e+00  -1.4321929e+00  -4.2235749e+00  -2.1096827e-01  -4.9618157e+00  -1.3562064e-01  -1.4755642e-01  -7.4779053e-02  -2.5631508e+00  -1.8190716e+00  -7.6649928e-01  -1.0861516e-01  -1.8340962e+00  -4.7450946e-02  -4.2622629e+00
  -8.1013497e+00  -1.1006450e+00  -5.3787608e+00  -2.8903664e+00  -5.3894235e+00  -1.5005516e+00  -4.3110156e+00  -2.1214705e-01  -5.0160560e+00  -1.3687256e-01  -1.4878566e-01  -7.6131592e-02  -2.6067866e+00  -1.8467029e+00  -7.7903476e-01  -1.1006081e-01  -1.8788908e+00  -4.8476931e-02  -4.4159806e+00
  -8.2955469e+00  -1.1042135e+00  -5.5451024e+00  -2.9307570e+00  -5.5675377e+00  -1.5094619e+00  -4.3597993e+00  -2.1326694e-01  -5.1232193e+00  -1.3965812e-01  -1.5010810e-01  -7.7184575e-02  -2.6398441e+00  -1.8669493e+00  -7.9247529e-01  -1.1112238e-01  -1.9369551e+00  -4.8829156e-02  -4.7875862e+00
  -8.5824973e+00  -1.1076271e+00  -5.6714494e+00  -3.0085089e+00  -5.6485075e+00  -1.5338759e+00  -4.5026199e+00  -2.1634963e-01  -5.1682220e+00  -1.4261167e-01  -1.5186803e-01  -7.8830351e-02  -2.6730356e+00  -1.8949505e+00  -8.0169766e-01  -1.1210629e-01  -1.9388706e+00  -4.9717049e-02  -4.8902155e+00
  -8.6443885e+00  -1.1075764e+00  -5.7878610e+00  -3.0424798e+00  -5.7132947e+00  -1.5690760e+00  -4.6057934e+00  -2.2099264e-01  -5.2449003e+00  -1.4424710e-01  -1.5167649e-01  -8.0849583e-02  -2.7041581e+00  -1.9138946e+00  -8.1036305e-01  -1.1293192e-01  -1.9831061e+00  -5.0374198e-02  -5.1732328e+00
  -8.7942295e+00  -1.1043565e+00  -5.8863470e+00  -3.0857718e+00  -5.7883863e+00  -1.5906479e+00  -4.7303341e+00  -2.2079708e-01  -5.3677263e+00  -1.4597846e-01  -1.5115843e-01  -8.1536186e-02  -2.7355134e+00  -1.9397133e+00  -8.2189175e-01  -1.1309910e-01  -1.9936503e+00  -5.1339753e-02  -5.1942565e+00
  -8.7580038e+00  -1.1181743e+00  -5.9842780e+00  -3.1550323e+00  -5.8972872e+00  -1.6212965e+00  -4.8384052e+00  -2.2381516e-01  -5.4467187e+00  -1.4875059e-01  -1.5235309e-01  -8.1687454e-02  -2.7670750e+00  -1.9664913e+00  -8.3669956e-01  -1.1499585e-01  -2.0203536e+00  -5.1855769e-02  -5.4537500e+00
  -9.0243750e+00  -1.1317076e+00  -6.1118103e+00  -3.2535560e+00  -5.9135668e+00  -1.6377654e+00  -4.9033809e+00  -2.2761104e-01  -5.6094302e+00  -1.5106841e-01  -1.5439976e-01  -8.1873400e-02  -2.8072160e+00  -1.9937444e+00  -8.4992819e-01  -1.1524704e-01  -2.0283028e+00  -5.2433130e-02  -5.6113362e+00
  -9.1629418e+00  -1.1671931e+00  -6.2949515e+00  -3.3436665e+00  -5.9987419e+00  -1.6768319e+00  -4.9187406e+00  -2.3302899e-01  -5.7027856e+00  -1.5441320e-01  -1.5444398e-01  -8.2041384e-02  -2.8458744e+00  -2.0198261e+00  -8.7000034e-01  -1.1582699e-01  -2.0511247e+00  -5.2646084e-02  -6.0521336e+00
  -9.3532893e+00  -1.1866165e+00  -6.3705927e+00  -3.4069828e+00  -6.0792834e+00  -1.6761928e+00  -4.9305698e+00  -2.3572186e-01  -5.7265167e+00  -1.5636388e-01  -1.5456798e-01  -8.2813794e-02  -2.8794390e+00  -2.0376962e+00  -8.7577687e-01  -1.1575698e-01  -2.1250714e+00  -5.3197216e-02  -6.1769289e+00
  -9.4031412e+00  -1.1891613e+00  -6.4363308e+00  -3.5326064e+00  -6.2072064e+00  -1.7091857e+00  -4.9437931e+00  -2.3311073e-01  -5.8324219e+00  -1.5853183e-01  -1.5589241e-01  -8.2151726e-02  -2.9076227e+00  -2.0602930e+00  -8.7617385e-01  -1.1749168e-01  -2.0942147e+00  -5.4258623e-02  -6.2848384e+00
  -9.7432381e+00  -1.1976622e+00  -6.4477101e+00  -3.5375256e+00  -6.2556923e+00  -1.7105651e+00  -4.9832557e+00  -2.4215690e-01  -5.9389736e+00  -1.6152053e-01  -1.5985378e-01  -8.3144831e-02  -2.9391625e+00  -2.0863517e+00  -8.7941200e-01  -1.1695792e-01  -2.1458116e+00  -5.5534626e-02  -6.3864547e+00
  -9.8624003e+00  -1.2019635e+00  -6.6124084e+00  -3.5372926e+00  -6.4383675e+00  -1.7449239e+00  -5.1212689e+00  -2.4717887e-01  -6.0660453e+00  -1.6243038e-01  -1.6193654e-01  -8.4689657e-02  -2.9833959e+00  -2.1193612e+00  -8.8714806e-01  -1.1725094e-01  -2.1756789e+00  -5.5338319e-02  -6.4548276e+00
  -1.0133895e+01  -1.2223724e+00  -6.8430550e+00  -3.6428974e+00  -6.4740356e+00  -1.7712359e+00  -5.1966891e+00  -2.5259511e-01  -6.1675458e+00  -1.6314163e-01  -1.6654620e-01  -8.5406899e-02  -3.0227770e+00  -2.1518201e+00  -9.1032458e-01  -1.1822087e-01  -2.2113955e+00  -5.5588900e-02  -6.6328125e+00
  -1.0208928e+01  -1.2338961e+00  -6.7711476e+00  -3.7127775e+00  -6.5408513e+00  -1.7807610e+00  -5.2585372e+00  -2.5462725e-01  -6.3397926e+00  -1.6505398e-01  -1.6883585e-01  -8.4725258e-02  -3.0647079e+00  -2.2238231e+00  -9.2809398e-01  -1.1844342e-01  -2.2410749e+00  -5.5837644e-02  -6.6284591e+00
  -1.0197969e+01  -1.2447410e+00  -7.1130765e+00  -3.7225404e+00  -6.6144935e+00  -1.8019289e+00  -5.3237513e+00  -2.5524501e-01  -6.4705172e+00  -1.6501919e-01  -1.7022344e-01  -8.5226735e-02  -3.0925823e+00  -2.2495016e+00  -9.4172523e-01  -1.1835749e-01  -2.2784725e+00  -5.5959325e-02  -7.0235345e+00
  -1.0309833e+01  -1.2570946e+00  -7.2723869e+00  -3.7573842e+00  -6.6003610e+00  -1.8292693e+00  -5.4100687e+00  -2.5706603e-01  -6.6460587e+00  -1.6641254e-01  -1.7155862e-01  -8.5710347e-02  -3.1293718e+00  -2.2748331e+00  -9.3655257e-01  -1.2014123e-01  -2.3094060e+00  -5.6152770e-02  -7.1353987e+00
  -1.0661218e+01  -1.2731212e+00  -7.3928287e+00  -3.7902020e+00  -6.6429337e+00  -1.8581634e+00  -5.5773788e+00  -2.5827643e-01  -6.8315975e+00  -1.6813173e-01  -1.7606620e-01  -8.5158623e-02  -3.1598584e+00  -2.2962998e+00  -9.3481378e-01  -1.2030786e-01  -2.3427640e+00  -5.6640346e-02  -7.2812608e+00
  -1.0871102e+01  -1.2895281e+00  -7.5044127e+00  -3.8539857e+00  -6.7883621e+00  -1.8899145e+00  -5.7462621e+00  -2.5955843e-01  -6.9116352e+00  -1.7081213e-01  -1.7787585e-01  -8.6758839e-02  -3.1919011e+00  -2.3176389e+00  -9.4028964e-01  -1.2062655e-01  -2.3706479e+00  -5.6210459e-02  -7.4568750e+00
  -1.1057190e+01  -1.2955176e+00  -7.6044397e+00  -3.9866070e+00  -6.8799084e+00  -1.9268939e+00  -5.8170488e+00  -2.6146486e-01  -7.0625889e+00  -1.7168880e-01  -1.7910344e-01  -8.7716385e-02  -3.2286695e+00  -2.3459764e+00  -9.5730473e-01  -1.1938124e-01  -2.3821828e+00  -5.7427926e-02  -7.4883082e+00
  -1.1213147e+01  -1.3044210e+00  -7.6634752e+00  -4.0750768e+00  -6.9849919e+00  -1.9563194e+00  -5.8768548e+00  -2.6148323e-01  -7.2148922e+00  -1.7292140e-01  -1.8094068e-01  -8.8055170e-02  -3.2635567e+00  -2.3772998e+00  -9.6344823e-01  -1.2069151e-01  -2.3836369e+00  -5.7376551e-02  -7.7662931e+00
  -1.1399305e+01  -1.3113945e+00  -7.7787877e+00  -4.0271619e+00  -7.0008594e+00  -1.9611786e+00  -5.9340962e+00  -2.6156086e-01  -7.3725593e+00  -1.7414020e-01  -1.8020965e-01  -8.9765515e-02  -3.2921856e+00  -2.3975347e+00  -9.7003978e-01  -1.2081368e-01  -2.4342053e+00  -5.8115882e-02  -7.8827263e+00
  -1.1418168e+01  -1.3128181e+00  -7.9343157e+00  -4.0563618e+00  -7.0012096e+00  -1.9945387e+00  -6.0429243e+00  -2.6341537e-01  -7.4793939e+00  -1.7435553e-01  -1.7904550e-01  -9.0682494e-02  -3.3190440e+00  -2.4415874e+00  -9.7100687e-01  -1.2072611e-01  -2.4090537e+00  -5.8617933e-02  -7.7546659e+00
  -1.1434418e+01  -1.3247286e+00  -8.0334375e+00  -4.1563605e+00  -7.0748869e+00  -2.0259580e+00  -6.1196175e+00  -2.6495768e-01  -7.5983244e+00  -1.7730523e-01  -1.8217102e-01  -9.1227588e-02  -3.3460178e+00  -2.4689478e+00  -9.6099306e-01  -1.2137378e-01  -2.4477896e+00  -5.8798844e-02  -7.9841056e+00
  -1.1446517e+01  -1.3365974e+00  -8.1660399e+00  -4.2345515e+00  -7.1761234e+00  -2.0686668e+00  -6.2291703e+00  -2.6520003e-01  -7.7451239e+00  -1.7770207e-01  -1.8559159e-01  -9.1586209e-02  -3.3754551e+00  -2.4853199e+00  -9.6771034e-01  -1.2163762e-01  -2.4624771e+00  -5.9741369e-02  -8.0642565e+00
  -1.1519291e+01  -1.3417601e+00  -8.3065948e+00  -4.3062406e+00  -7.2083324e+00  -2.0769642e+00  -6.3138780e+00  -2.6600871e-01  -7.8612527e+00  -1.7881293e-01  -1.8600096e-01  -9.1944830e-02  -3.4114377e+00  -2.5038307e+00  -9.5355860e-01  -1.2411121e-01  -2.4946538e+00  -6.0300693e-02  -8.1010129e+00
  -1.1445385e+01  -1.3522296e+00  -8.3465409e+00  -4.3855536e+00  -7.2647279e+00  -2.1094272e+00  -6.3752047e+00  -2.6707045e-01  -7.9904364e+00  -1.8085794e-01  -1.8605546e-01  -9.2386209e-02  -3.4367496e+00  -2.5226719e+00  -9.5383722e-01  -1.2436490e-01  -2.5398478e+00  -6.0016553e-02  -8.1979526e+00
  -1.1550504e+01  -1.3748572e+00  -8.5401940e+00  -4.4427465e+00  -7.3487177e+00  -2.1097986e+00  -6.4573209e+00  -2.6889962e-01  -8.0947656e+00  -1.8213200e-01  -1.8585843e-01  -9.1117243e-02  -3.4569210e+00  -2.5713738e+00  -9.7866064e-01  -1.2407999e-01  -2.5553785e+00  -5.9917245e-02  -8.3253448e+00
  -1.1617543e+01  -1.3775540e+00  -8.6978233e+00  -4.5074731e+00  -7.4975296e+00  -2.1434126e+00  -6.5496659e+00  -2.6919181e-01  -8.1862527e+00  -1.8480245e-01  -1.8640594e-01  -9.2193106e-02  -3.4851712e+00  -2.5980267e+00  -9.9252412e-01  -1.2503298e-01  -2.5898397e+00  -6.1365514e-02  -8.5388470e+00
  -1.1654362e+01  -1.3894563e+00  -8.7859591e+00  -4.5450108e+00  -7.6260264e+00  -2.1613086e+00  -6.6106142e+00  -2.7038306e-01  -8.3673464e+00  -1.8502147e-01  -1.8694680e-01  -9.2152352e-02  -3.5387290e+00  -2.6182972e+00  -1.0046890e+00  -1.2612080e-01  -2.6163355e+00  -6.1925270e-02  -8.5411530e+00
  -1.1934044e+01  -1.3972336e+00  -8.8585668e+00  -4.6376886e+00  -7.6793481e+00  -2.1639931e+00  -6.6819147e+00  -2.7024461e-01  -8.4548060e+00  -1.8488883e-01  -1.8740555e-01  -9.1911637e-02  -3.5631198e+00  -2.6460459e+00  -1.0181270e+00  -1.2642804e-01  -2.6592821e+00  -6.2251445e-02  -8.6324246e+00
  -1.2031506e+01  -1.3970949e+00  -8.8410345e+00  -4.6873828e+00  -7.7396848e+00  -2.1816373e+00  -6.7456796e+00  -2.7183657e-01  -8.5265167e+00  -1.8483705e-01  -1.8732689e-01  -9.2478264e-02  -3.5967691e+00  -2.6728847e+00  -1.0278468e+00  -1.2609931e-01  -2.6731499e+00  -6.1856195e-02  -8.6544397e+00
  -1.2149353e+01  -1.4022682e+00  -8.9531843e+00  -4.7130401e+00  -7.7802020e+00  -2.1969407e+00  -6.7884159e+00  -2.7197051e-01  -8.6253879e+00  -1.8487171e-01  -1.8563862e-01  -9.3268969e-02  -3.6253756e+00  -2.6980533e+00  -1.0619369e+00  -1.2585654e-01  -2.7127162e+00  -6.1776686e-02  -8.7995797e+00
  -1.2202152e+01  -1.4090127e+00  -9.0410129e+00  -4.7456843e+00  -7.8999327e+00  -2.2056826e+00  -6.8318481e+00  -2.7382361e-01  -8.7175889e+00  -1.8627937e-01  -1.8573793e-01  -9.3822737e-02  -3.6521409e+00  -2.7541270e+00  -1.0676923e+00  -1.2752827e-01  -2.7716352e+00  -6.1904313e-02  -9.0405280e+00
  -1.2570127e+01  -1.4222772e+00  -9.2284159e+00  -4.8432126e+00  -8.0191891e+00  -2.2373394e+00  -6.8626569e+00  -2.7528437e-01  -8.8125431e+00  -1.8837670e-01  -1.8774620e-01  -9.4013790e-02  -3.6766038e+00  -2.7997133e+00  -1.0731074e+00  -1.2925517e-01  -2.7991527e+00  -6.1633311e-02  -9.0382328e+00
  -1.2936334e+01  -1.4300624e+00  -9.2722198e+00  -4.8834388e+00  -8.1490814e+00  -2.2247421e+00  -6.9053772e+00  -2.7616106e-01  -8.8609186e+00  -1.8884070e-01  -1.8820689e-01  -9.4394484e-02  -3.6997633e+00  -2.7686636e+00  -1.0748097e+00  -1.3028965e-01  -2.8185628e+00  -6.2001006e-02  -9.0174892e+00
  -1.2907395e+01  -1.4362425e+00  -9.3310075e+00  -4.9495218e+00  -8.1805226e+00  -2.2585732e+00  -6.9511308e+00  -2.7762481e-01  -8.9447737e+00  -1.8873304e-01  -1.8714207e-01  -9.4937934e-02  -3.7198752e+00  -2.7899466e+00  -1.0692071e+00  -1.2926896e-01  -2.8426778e+00  -6.2447857e-02  -9.0047198e+00
  -1.3083257e+01  -1.4434518e+00  -9.3846336e+00  -4.9840059e+00  -8.1743238e+00  -2.2742039e+00  -7.0213416e+00  -2.8588686e-01  -9.0252802e+00  -1.9023969e-01  -1.8695448e-01  -9.5724135e-02  -3.7245222e+00  -2.8328905e+00  -1.0596728e+00  -1.3010758e-01  -2.8667807e+00  -6.2964535e-02  -9.0264332e+00
  -1.3456166e+01  -1.4587873e+00  -9.4769450e+00  -5.0238173e+00  -8.2479041e+00  -2.3001509e+00  -7.0673195e+00  -2.8389514e-01  -9.1259779e+00  -1.9380135e-01  -1.8690207e-01  -9.7053612e-02  -3.7488416e+00  -2.8945924e+00  -1.0623815e+00  -1.3055999e-01  -2.8789238e+00  -6.2821461e-02  -9.0131897e+00
  -1.3789001e+01  -1.4645499e+00  -9.5832813e+00  -5.0300525e+00  -8.3587985e+00  -2.3275980e+00  -7.1144713e+00  -2.8222896e-01  -9.2282408e+00  -1.9688372e-01  -1.8579861e-01  -9.7379306e-02  -3.7743206e+00  -2.9388992e+00  -1.0620546e+00  -1.3171593e-01  -2.9217322e+00  -6.1517518e-02  -9.0141810e+00
  -1.3845337e+01  -1.4788472e+00  -9.6629795e+00  -5.1270474e+00  -8.4406088e+00  -2.3253357e+00  -7.1683803e+00  -2.8372411e-01  -9.3353987e+00  -1.9740868e-01  -1.8566896e-01  -9.6965514e-02  -3.7765832e+00  -2.9184569e+00  -1.0599372e+00  -1.3171218e-01  -2.9571020e+00  -6.3730953e-02  -9.0181250e+00
  -1.3868866e+01  -1.4840674e+00  -9.8666864e+00  -5.1589036e+00  -8.5149488e+00  -2.3395649e+00  -7.3011692e+00  -2.8615445e-01  -9.5070932e+00  -1.9774214e-01  -1.8613241e-01  -9.6551722e-02  -3.7817912e+00  -2.9469988e+00  -1.0679203e+00  -1.3187855e-01  -3.0071080e+00  -6.3900683e-02  -9.1163362e+00
