   0.0000000e+00   0.0000000e+00   0.0000000e+00   0.0000000e+00   0.0000000e+00   0.0000000e+00   0.0000000e+00   0.0000000e+00   0.0000000e+00   0.0000000e+00   0.0000000e+00   0.0000000e+00   0.0000000e+00   0.0000000e+00   0.0000000e+00   0.0000000e+00   0.0000000e+00   0.0000000e+00   0.0000000e+00
   2.6738596e-01   4.6464969e-02   1.9605352e-01   1.0653528e-01   1.9998067e-01   4.7474553e-02   1.1101089e-01   6.0294767e-03   1.0521961e-01   6.5107477e-03   5.8915850e-03   3.8860993e-03   7.7355268e-02   7.5142659e-02   3.2456722e-02   8.7406612e-03   1.0580427e-01   3.1180392e-03   4.2140415e-01
   4.6355966e-01   7.9683160e-02   3.0319802e-01   1.9378647e-01   3.4866918e-01   8.0485186e-02   1.8563972e-01   1.0588688e-02   1.7572649e-01   1.3495904e-02   1.0912269e-02   6.1775245e-03   1.3160941e-01   1.1693539e-01   5.9013494e-02   1.5884204e-02   1.8638459e-01   5.6508310e-03   6.7919874e-01
   5.9437690e-01   1.0211611e-01   4.1815471e-01   2.7899349e-01   4.9168788e-01   1.0830143e-01   2.2910044e-01   1.4548928e-02   2.4226831e-01   1.8580652e-02   1.3375574e-02   7.8192711e-03   1.8359139e-01   1.5921047e-01   7.2947939e-02   2.2813355e-02   2.6382542e-01   7.4247441e-03   9.4353512e-01
   8.1523416e-01   1.2809080e-01   5.5404324e-01   3.8726188e-01   6.4465595e-01   1.2835244e-01   2.8783363e-01   1.7658507e-02   3.2777130e-01   2.5083405e-02   1.8027399e-02   1.0018671e-02   2.2163175e-01   1.7024161e-01   8.8653119e-02   2.7874035e-02   3.4576994e-01   8.7745782e-03   1.2080289e+00
   9.2157498e-01   1.5600136e-01   6.6312668e-01   4.6936767e-01   8.1313096e-01   1.6091180e-01   3.7554873e-01   2.0301816e-02   4.0295399e-01   3.0716827e-02   2.3059298e-02   1.2142861e-02   2.6529061e-01   2.0363943e-01   1.0093845e-01   3.2855815e-02   4.1832272e-01   9.5261384e-03   1.4740051e+00
   1.1036391e+00   1.7605374e-01   8.6533154e-01   5.7900940e-01   9.7369229e-01   2.0125995e-01   4.4746028e-01   2.3941888e-02   4.8820831e-01   3.6726922e-02   2.7666831e-02   1.4225916e-02   3.1442240e-01   2.4145987e-01   1.1714496e-01   3.7700385e-02   4.9043047e-01   1.0796689e-02   1.7067767e+00
   1.3015973e+00   2.0264081e-01   1.0300300e+00   6.9401005e-01   1.1368336e+00   2.3093238e-01   5.6226289e-01   2.9675295e-02   5.8301671e-01   4.2280835e-02   3.1239544e-02   1.5465335e-02   3.6635362e-01   2.8335613e-01   1.3254302e-01   4.2386497e-02   5.6221086e-01   1.1735020e-02   1.9053488e+00
   1.4356232e+00   2.3123293e-01   1.1963340e+00   8.0216543e-01   1.3233599e+00   2.5887919e-01   6.9889861e-01   3.5344017e-02   7.2534364e-01   4.7856155e-02   3.5507479e-02   1.7107158e-02   4.2873042e-01   3.1106301e-01   1.4686929e-01   4.7003966e-02   6.3051283e-01   1.3211751e-02   2.0512711e+00
   1.6099389e+00   2.5603931e-01   1.3626956e+00   8.9915793e-01   1.4914765e+00   3.0801691e-01   8.2280351e-01   4.0988287e-02   8.5216397e-01   5.3248987e-02   4.0081407e-02   1.8128560e-02   4.7252055e-01   3.3436614e-01   1.6541638e-01   5.1368676e-02   6.9242385e-01   1.4763304e-02   2.2575885e+00
   1.7675465e+00   2.7723056e-01   1.4945749e+00   1.0153336e+00   1.6561412e+00   3.5040371e-01   9.7092446e-01   4.7728330e-02   9.6771485e-01   5.8263445e-02   4.4189407e-02   1.9238778e-02   5.2177261e-01   3.7353798e-01   1.8047000e-01   5.4829731e-02   7.5368684e-01   1.6153410e-02   2.4283910e+00
   1.9556720e+00   3.0525275e-01   1.6771246e+00   1.1540434e+00   1.8392124e+00   3.9716457e-01   1.1213038e+00   5.2393447e-02   1.1218859e+00   6.3625283e-02   4.9115063e-02   2.0619612e-02   5.9363437e-01   4.1503738e-01   1.9619863e-01   5.9315938e-02   8.2224331e-01   1.8244811e-02   2.6559120e+00
   2.1363475e+00   3.3054109e-01   1.8780183e+00   1.2980212e+00   2.0226172e+00   4.4894401e-01   1.2613333e+00   5.8063885e-02   1.2993408e+00   7.0217822e-02   5.3096524e-02   2.1618330e-02   6.6080701e-01   4.4532748e-01   2.1688438e-01   6.3049451e-02   8.7768880e-01   1.8576478e-02   2.8450385e+00
   2.3278434e+00   3.5270224e-01   2.0382234e+00   1.4063969e+00   2.1735222e+00   4.9257644e-01   1.3953408e+00   6.3405926e-02   1.4635495e+00   7.4587335e-02   5.6273151e-02   2.2099215e-02   7.0327704e-01   4.7004773e-01   2.3238726e-01   6.5492951e-02   9.4121245e-01   1.9173849e-02   2.9471265e+00
   2.5166296e+00   3.7656899e-01   2.1720645e+00   1.4805770e+00   2.3354100e+00   5.4137799e-01   1.5423359e+00   6.8411516e-02   1.6279045e+00   7.8714427e-02   5.9749288e-02   2.3417285e-02   7.6115161e-01   5.1143876e-01   2.5323050e-01   6.8125964e-02   1.0075497e+00   1.9656468e-02   3.1159044e+00
   2.6875879e+00   4.0058972e-01   2.3543657e+00   1.5582721e+00   2.4734219e+00   5.9826614e-01   1.7070752e+00   7.2013128e-02   1.7780386e+00   8.4995314e-02   6.2388900e-02   2.4243256e-02   8.1943727e-01   5.4557095e-01   2.7578208e-01   7.0287158e-02   1.0661427e+00   2.0036493e-02   3.2571641e+00
   2.8928660e+00   4.2596056e-01   2.4999149e+00   1.6458402e+00   2.6410726e+00   6.5959832e-01   1.8430495e+00   7.6658040e-02   1.9177036e+00   8.9537612e-02   6.4512787e-02   2.5705764e-02   8.7979691e-01   5.9713767e-01   2.9272834e-01   7.2634375e-02   1.1247186e+00   2.1035021e-02   3.3840554e+00
   3.1098399e+00   4.5217867e-01   2.6669129e+00   1.7434363e+00   2.8224648e+00   7.1723086e-01   1.9789184e+00   8.3545628e-02   2.0541530e+00   9.3895007e-02   6.6559410e-02   2.6743692e-02   9.4933006e-01   6.5396813e-01   3.1702866e-01   7.5042855e-02   1.1832892e+00   2.2276867e-02   3.4737099e+00
   3.3670369e+00   4.7470638e-01   2.8431633e+00   1.8384871e+00   2.9689083e+00   7.6448299e-01   2.0897537e+00   8.8622594e-02   2.1871129e+00   9.8298620e-02   6.8689182e-02   2.7613811e-02   1.0127149e+00   7.0514499e-01   3.3030080e-01   7.6984235e-02   1.2499387e+00   2.2461889e-02   3.6123226e+00
   3.5845430e+00   4.9543706e-01   3.0191135e+00   1.9258637e+00   3.1206941e+00   8.0287887e-01   2.1945467e+00   9.1799105e-02   2.2796431e+00   1.0360477e-01   7.1191572e-02   2.8379243e-02   1.0715203e+00   7.4620725e-01   3.4945064e-01   7.8955470e-02   1.3000332e+00   2.2920595e-02   3.6977478e+00
   3.6892897e+00   5.1002450e-01   3.2408387e+00   2.0443229e+00   3.2603946e+00   8.3855815e-01   2.2827119e+00   9.4090128e-02   2.3584468e+00   1.0728914e-01   7.3608279e-02   2.9148336e-02   1.1080778e+00   7.5468390e-01   3.6617045e-01   8.1205000e-02   1.3452211e+00   2.4241731e-02   3.8638182e+00
   3.8172780e+00   5.1982296e-01   3.3884139e+00   2.1336783e+00   3.3886017e+00   8.8063035e-01   2.3693453e+00   9.6219815e-02   2.4574806e+00   1.0977091e-01   7.6488890e-02   2.9623313e-02   1.1622516e+00   7.9517717e-01   3.8211888e-01   8.2872159e-02   1.3992897e+00   2.5136239e-02   3.9813421e+00
   3.9595383e+00   5.3105602e-01   3.5541691e+00   2.2257102e+00   3.5395547e+00   9.3613513e-01   2.4349592e+00   9.8373194e-02   2.5303710e+00   1.1369968e-01   7.7965492e-02   2.9691436e-02   1.2116018e+00   8.2233837e-01   3.9462684e-01   8.4077124e-02   1.4562079e+00   2.5907461e-02   4.0629263e+00
   4.1372112e+00   5.5209224e-01   3.7226356e+00   2.3287706e+00   3.6954975e+00   9.8356561e-01   2.5188218e+00   1.0306414e-01   2.6193830e+00   1.1777894e-01   7.9506711e-02   2.9961020e-02   1.2473884e+00   8.5856741e-01   4.1625612e-01   8.5696890e-02   1.5098815e+00   2.7276429e-02   4.1711812e+00
   4.2693719e+00   5.6617214e-01   3.8946177e+00   2.4497064e+00   3.8473436e+00   1.0288754e+00   2.6359394e+00   1.0532995e-01   2.7159926e+00   1.2118523e-01   8.0468209e-02   3.0098685e-02   1.2881282e+00   8.9438650e-01   4.3463083e-01   8.7540099e-02   1.5518523e+00   2.7479453e-02   4.2938443e+00
   4.4119029e+00   5.7370745e-01   4.0597319e+00   2.5493883e+00   3.9965417e+00   1.0787620e+00   2.7577313e+00   1.0816448e-01   2.8369184e+00   1.2443633e-01   8.0968101e-02   3.0645149e-02   1.3243977e+00   9.1909406e-01   4.4727630e-01   8.9081023e-02   1.6020125e+00   2.6938757e-02   4.3933326e+00
   4.6193556e+00   5.8806834e-01   4.2354143e+00   2.6583103e+00   4.1346500e+00   1.1297264e+00   2.9059517e+00   1.1268231e-01   2.9945065e+00   1.2804640e-01   8.2868329e-02   3.1383559e-02   1.3698993e+00   9.3742868e-01   4.6307288e-01   9.0525789e-02   1.6493164e+00   2.7775430e-02   4.5141469e+00
   4.7716580e+00   6.0052262e-01   4.4522004e+00   2.7664566e+00   4.2714633e+00   1.1840973e+00   3.0434543e+00   1.1635979e-01   3.1497599e+00   1.3105807e-01   8.4595287e-02   3.1721367e-02   1.4216938e+00   9.5719728e-01   4.7955003e-01   9.2099505e-02   1.6997193e+00   2.8795524e-02   4.5921087e+00
   4.9542633e+00   6.1715338e-01   4.6301300e+00   2.8564542e+00   4.4167417e+00   1.2362239e+00   3.1962502e+00   1.1765071e-01   3.3199965e+00   1.3455286e-01   8.6909336e-02   3.2300157e-02   1.4700816e+00   9.8832914e-01   4.9644570e-01   9.3844247e-02   1.7482861e+00   2.9989699e-02   4.7299628e+00
   5.0830241e+00   6.2549343e-01   4.8169578e+00   2.9641049e+00   4.5733145e+00   1.2811597e+00   3.3542862e+00   1.2013310e-01   3.4867697e+00   1.3793575e-01   8.8845934e-02   3.2317674e-02   1.5162866e+00   1.0224724e+00   5.0805581e-01   9.4979396e-02   1.7948476e+00   3.1718647e-02   4.8512849e+00
   5.2416681e+00   6.3439157e-01   4.9898888e+00   3.0742413e+00   4.7226227e+00   1.3185162e+00   3.5123835e+00   1.2123652e-01   3.6376808e+00   1.4045705e-01   8.9667364e-02   3.2212495e-02   1.5455091e+00   1.0407944e+00   5.2144858e-01   9.5913582e-02   1.8397764e+00   3.0921689e-02   4.9440346e+00
   5.4748811e+00   6.5385213e-01   5.1778117e+00   3.1615373e+00   4.8648294e+00   1.3725303e+00   3.7013994e+00   1.2420719e-01   3.8146395e+00   1.4332386e-01   9.0818665e-02   3.2615496e-02   1.5856895e+00   1.0639901e+00   5.2984287e-01   9.7706959e-02   1.8862300e+00   3.1611303e-02   5.1180279e+00
   5.6077099e+00   6.6328991e-01   5.3415654e+00   3.2194035e+00   4.9899792e+00   1.4246285e+00   3.8469593e+00   1.2738605e-01   3.9714701e+00   1.4643718e-01   9.1085541e-02   3.3032002e-02   1.6321177e+00   1.0944896e+00   5.4065086e-01   9.8708667e-02   1.9258835e+00   3.2519237e-02   5.2115163e+00
   5.7817656e+00   6.7484606e-01   5.5324089e+00   3.3261573e+00   5.1133672e+00   1.4624842e+00   3.9760035e+00   1.3026145e-01   4.1311645e+00   1.4989803e-01   9.1573453e-02   3.3580413e-02   1.6811614e+00   1.1185503e+00   5.4440643e-01   9.9371984e-02   1.9726290e+00   3.3153385e-02   5.3283389e+00
   5.9520027e+00   6.8517737e-01   5.7057145e+00   3.4301439e+00   5.2377713e+00   1.5046696e+00   4.1044222e+00   1.3185450e-01   4.2439315e+00   1.5244256e-01   9.2108555e-02   3.3740662e-02   1.7300093e+00   1.1418577e+00   5.5613190e-01   1.0001696e-01   2.0168706e+00   3.2749702e-02   5.4457865e+00
   6.1274944e+00   6.9748094e-01   5.9289132e+00   3.5228257e+00   5.3876925e+00   1.5561559e+00   4.2338111e+00   1.3578344e-01   4.3587409e+00   1.5563206e-01   9.3761256e-02   3.3826718e-02   1.7780881e+00   1.1796179e+00   5.6887867e-01   1.0100921e-01   2.0611747e+00   3.3015870e-02   5.5862340e+00
   6.2977889e+00   7.0510310e-01   6.1094627e+00   3.6082831e+00   5.5100870e+00   1.6072734e+00   4.3440424e+00   1.3743186e-01   4.4355526e+00   1.5793568e-01   9.3916135e-02   3.3113740e-02   1.8138342e+00   1.1966824e+00   5.7867383e-01   1.0187133e-01   2.1052801e+00   3.2637136e-02   5.6997412e+00
   6.4814651e+00   7.1389341e-01   6.2849078e+00   3.6928086e+00   5.6450287e+00   1.6611455e+00   4.4461776e+00   1.3910411e-01   4.5336834e+00   1.6057465e-01   9.4289976e-02   3.2979055e-02   1.8600764e+00   1.2324329e+00   5.9228258e-01   1.0277414e-01   2.1467708e+00   3.2429132e-02   5.7667585e+00
   6.6718275e+00   7.1992168e-01   6.4694660e+00   3.7605904e+00   5.7690713e+00   1.7105107e+00   4.5612242e+00   1.4080017e-01   4.6641656e+00   1.6249442e-01   9.5178868e-02   3.2803453e-02   1.9002022e+00   1.2663843e+00   5.9846222e-01   1.0356099e-01   2.1833381e+00   3.2693722e-02   5.8724534e+00
   6.8742547e+00   7.3187395e-01   6.6856469e+00   3.8602316e+00   5.9265695e+00   1.7699068e+00   4.7042479e+00   1.4352777e-01   4.8395129e+00   1.6481333e-01   9.6002394e-02   3.2963998e-02   1.9465862e+00   1.2981847e+00   6.1027832e-01   1.0457702e-01   2.2193489e+00   3.2868704e-02   5.9830130e+00
   7.0299011e+00   7.3823353e-01   6.8945130e+00   3.9597374e+00   6.0644088e+00   1.8279822e+00   4.8518427e+00   1.4661178e-01   5.0057861e+00   1.6724340e-01   9.6447343e-02   3.3176380e-02   1.9990117e+00   1.3343830e+00   6.2198565e-01   1.0571268e-01   2.2638247e+00   3.3573784e-02   6.1179942e+00
   7.1946176e+00   7.4364093e-01   7.1047537e+00   4.0429612e+00   6.1830800e+00   1.8770208e+00   4.9933711e+00   1.5139195e-01   5.1603233e+00   1.6965236e-01   9.7116574e-02   3.3393026e-02   2.0481309e+00   1.3673747e+00   6.3761638e-01   1.0618088e-01   2.2944487e+00   3.3727531e-02   6.2335716e+00
   7.3654608e+00   7.4990365e-01   7.3212483e+00   4.1407556e+00   6.2890647e+00   1.9228026e+00   5.1340595e+00   1.5539677e-01   5.3011828e+00   1.7108203e-01   9.7578674e-02   3.3323969e-02   2.0898338e+00   1.3941773e+00   6.5080930e-01   1.0691486e-01   2.3334617e+00   3.3725519e-02   6.4162890e+00
   7.5011715e+00   7.5761231e-01   7.5393567e+00   4.2450980e+00   6.4246537e+00   1.9697920e+00   5.2789019e+00   1.5913484e-01   5.4429341e+00   1.7344624e-01   9.7084173e-02   3.3251320e-02   2.1244368e+00   1.4226823e+00   6.5734912e-01   1.0756755e-01   2.3722258e+00   3.4699281e-02   6.5679264e+00
   7.6531031e+00   7.6243926e-01   7.7701102e+00   4.3303786e+00   6.5585876e+00   2.0114082e+00   5.4224194e+00   1.6049698e-01   5.5664373e+00   1.7522810e-01   9.7068876e-02   3.3454076e-02   2.1588139e+00   1.4372304e+00   6.6786507e-01   1.0786564e-01   2.4119946e+00   3.5432729e-02   6.6823981e+00
   7.7859886e+00   7.6568013e-01   7.9841438e+00   4.4176926e+00   6.6919193e+00   2.0525707e+00   5.5283034e+00   1.6096752e-01   5.6933746e+00   1.7689764e-01   9.6918251e-02   3.3565706e-02   2.1858432e+00   1.4515377e+00   6.7952696e-01   1.0841461e-01   2.4538245e+00   3.6295578e-02   6.8056549e+00
   7.9467004e+00   7.6788232e-01   8.2012147e+00   4.5063039e+00   6.8093982e+00   2.0930366e+00   5.6472551e+00   1.6121590e-01   5.8645155e+00   1.7864768e-01   9.7092915e-02   3.3475163e-02   2.2075348e+00   1.4722734e+00   6.8874394e-01   1.0873531e-01   2.4914196e+00   3.6516001e-02   6.9658088e+00
   8.1344342e+00   7.7047826e-01   8.3686596e+00   4.5789908e+00   6.9370407e+00   2.1448759e+00   5.7636276e+00   1.6347528e-01   6.0318354e+00   1.8019170e-01   9.6819826e-02   3.3561896e-02   2.2433499e+00   1.5080000e+00   6.9737636e-01   1.0918933e-01   2.5290662e+00   3.7070101e-02   7.1244414e+00
   8.3104200e+00   7.7709541e-01   8.5224001e+00   4.6412074e+00   7.0725360e+00   2.1910470e+00   5.8981684e+00   1.6636004e-01   6.2054319e+00   1.8195978e-01   9.6810313e-02   3.3786217e-02   2.2902073e+00   1.5401234e+00   7.1486724e-01   1.0953328e-01   2.5571834e+00   3.7539887e-02   7.2445199e+00
   8.5013716e+00   7.8286223e-01   8.6789626e+00   4.7166106e+00   7.1943700e+00   2.2372096e+00   6.0158682e+00   1.6893461e-01   6.3431569e+00   1.8346603e-01   9.7445041e-02   3.3630502e-02   2.3284168e+00   1.5760880e+00   7.2212753e-01   1.0990508e-01   2.5845362e+00   3.8343521e-02   7.4155232e+00
   8.6569444e+00   7.8523690e-01   8.8542862e+00   4.7789500e+00   7.3300340e+00   2.2868636e+00   6.1128154e+00   1.7178397e-01   6.4462285e+00   1.8512634e-01   9.7426879e-02   3.3600336e-02   2.3655333e+00   1.6199902e+00   7.3458387e-01   1.1049742e-01   2.6228517e+00   3.8643468e-02   7.5828347e+00
   8.8062476e+00   7.8687875e-01   8.9950301e+00   4.8445797e+00   7.4638254e+00   2.3372585e+00   6.1936143e+00   1.7460998e-01   6.5403591e+00   1.8686321e-01   9.7772887e-02   3.3657816e-02   2.4008972e+00   1.6624194e+00   7.4173426e-01   1.1076230e-01   2.6575203e+00   3.9376752e-02   7.7047345e+00
   8.9742603e+00   7.8879557e-01   9.1462771e+00   4.9197135e+00   7.5897757e+00   2.3897377e+00   6.2940962e+00   1.7739112e-01   6.6406487e+00   1.8872363e-01   9.8448411e-02   3.3466637e-02   2.4358519e+00   1.6815901e+00   7.5304194e-01   1.1106673e-01   2.6825597e+00   4.0125561e-02   7.7697741e+00
   9.0749831e+00   7.9104061e-01   9.3066771e+00   4.9890732e+00   7.7099783e+00   2.4334167e+00   6.3725045e+00   1.7883753e-01   6.7348897e+00   1.9014837e-01   9.8101137e-02   3.3453081e-02   2.4650134e+00   1.7146638e+00   7.6559914e-01   1.1118811e-01   2.7127039e+00   4.0779077e-02   7.9141899e+00
   9.2152557e+00   7.9311604e-01   9.5386395e+00   5.0745728e+00   7.8386980e+00   2.4698406e+00   6.4514870e+00   1.8155114e-01   6.8558306e+00   1.9219301e-01   9.7891889e-02   3.3741519e-02   2.5105863e+00   1.7542006e+00   7.7165626e-01   1.1153809e-01   2.7496257e+00   4.1345262e-02   8.0362117e+00
   9.3636667e+00   7.9390441e-01   9.7145501e+00   5.1503136e+00   7.9465265e+00   2.5066916e+00   6.5569582e+00   1.8439442e-01   6.9973782e+00   1.9355637e-01   9.7748692e-02   3.4067538e-02   2.5352220e+00   1.7700623e+00   7.8050765e-01   1.1183363e-01   2.7783783e+00   4.2109582e-02   8.1793476e+00
   9.5353379e+00   7.9823576e-01   9.9135666e+00   5.2280359e+00   8.0510128e+00   2.5535164e+00   6.6606401e+00   1.8766377e-01   7.1531550e+00   1.9488877e-01   9.8144528e-02   3.4310201e-02   2.5631462e+00   1.7946863e+00   7.8912635e-01   1.1228828e-01   2.8085092e+00   4.3347815e-02   8.3542476e+00
   9.6745940e+00   8.0335643e-01   1.0114984e+01   5.2966168e+00   8.1654950e+00   2.6026768e+00   6.7657350e+00   1.8931037e-01   7.3107591e+00   1.9624471e-01   9.7967073e-02   3.4374386e-02   2.5961095e+00   1.8289726e+00   7.9546497e-01   1.1283793e-01   2.8375305e+00   4.3550038e-02   8.5534369e+00
   9.8108348e+00   8.0496256e-01   1.0320955e+01   5.3743904e+00   8.2865471e+00   2.6519727e+00   6.8838465e+00   1.9038315e-01   7.4961868e+00   1.9756880e-01   9.7883810e-02   3.4153728e-02   2.6237848e+00   1.8636481e+00   8.0173808e-01   1.1300746e-01   2.8628133e+00   4.3676000e-02   8.6827895e+00
   9.9046954e+00   8.0379399e-01   1.0485573e+01   5.4355824e+00   8.4025098e+00   2.6962345e+00   6.9904309e+00   1.9257693e-01   7.6626969e+00   1.9890450e-01   9.7659602e-02   3.4178933e-02   2.6497005e+00   1.8844832e+00   8.0767177e-01   1.1312722e-01   2.8886287e+00   4.4104447e-02   8.7901676e+00
   1.0027740e+01   8.0800093e-01   1.0666134e+01   5.4977362e+00   8.5260624e+00   2.7380360e+00   7.1029883e+00   1.9538644e-01   7.8367803e+00   2.0033808e-01   9.7159557e-02   3.4388706e-02   2.6748279e+00   1.8934202e+00   8.1724112e-01   1.1336653e-01   2.9143820e+00   4.4488919e-02   8.9226048e+00
   1.0168327e+01   8.0750177e-01   1.0830908e+01   5.5552796e+00   8.6236685e+00   2.7747149e+00   7.2004003e+00   1.9707351e-01   8.0001467e+00   2.0134375e-01   9.7038051e-02   3.4217349e-02   2.7016050e+00   1.9166382e+00   8.2467976e-01   1.1342945e-01   2.9414017e+00   4.4896213e-02   9.0548082e+00
   1.0319848e+01   8.0989849e-01   1.0991318e+01   5.6048038e+00   8.7289937e+00   2.8065770e+00   7.3004275e+00   1.9956162e-01   8.1649534e+00   2.0232777e-01   9.7641446e-02   3.4591390e-02   2.7279434e+00   1.9353744e+00   8.3446743e-01   1.1388348e-01   2.9656828e+00   4.5526457e-02   9.2925764e+00
   1.0487476e+01   8.1125387e-01   1.1184360e+01   5.6549418e+00   8.8388827e+00   2.8372305e+00   7.3883186e+00   2.0182873e-01   8.3131264e+00   2.0353738e-01   9.7343316e-02   3.4800471e-02   2.7556439e+00   1.9675046e+00   8.4449168e-01   1.1400889e-01   2.9912288e+00   4.5753145e-02   9.4024002e+00
   1.0634703e+01   8.1219045e-01   1.1316007e+01   5.6994429e+00   8.9414296e+00   2.8660281e+00   7.4740057e+00   2.0498089e-01   8.4585601e+00   2.0455898e-01   9.7466646e-02   3.4632042e-02   2.7813183e+00   1.9902919e+00   8.5255268e-01   1.1405593e-01   3.0126890e+00   4.5931753e-02   9.5564698e+00
   1.0771531e+01   8.1304973e-01   1.1451212e+01   5.7606059e+00   9.0401633e+00   2.8970394e+00   7.5680043e+00   2.0832214e-01   8.5729548e+00   2.0558146e-01   9.7707785e-02   3.4870399e-02   2.8113842e+00   2.0236301e+00   8.6597760e-01   1.1446691e-01   3.0329978e+00   4.6380142e-02   9.7663561e+00
   1.0936584e+01   8.1304172e-01   1.1624890e+01   5.8260036e+00   9.1617120e+00   2.9339363e+00   7.6373947e+00   2.1010174e-01   8.6685241e+00   2.0641934e-01   9.7311901e-02   3.5063768e-02   2.8342844e+00   2.0449044e+00   8.7723741e-01   1.1456305e-01   3.0587781e+00   4.6907337e-02   9.9266315e+00
   1.1103155e+01   8.1722566e-01   1.1825311e+01   5.8946963e+00   9.2872449e+00   2.9821306e+00   7.7145335e+00   2.1320657e-01   8.7719737e+00   2.0751171e-01   9.7264829e-02   3.5162015e-02   2.8553423e+00   2.0766891e+00   8.8507465e-01   1.1500424e-01   3.0954008e+00   4.6953107e-02   1.0135795e+01
   1.1221732e+01   8.1530398e-01   1.1985768e+01   5.9525236e+00   9.3933827e+00   3.0220115e+00   7.7787709e+00   2.1485949e-01   8.8480165e+00   2.0868266e-01   9.7591671e-02   3.5209333e-02   2.8777221e+00   2.0951910e+00   8.9297250e-01   1.1521098e-01   3.1164100e+00   4.7044613e-02   1.0322455e+01
   1.1374915e+01   8.1583479e-01   1.2200038e+01   6.0082149e+00   9.4808178e+00   3.0523907e+00   7.8631613e+00   2.1619960e-01   8.9310795e+00   2.0964511e-01   9.7379020e-02   3.5453380e-02   2.9010215e+00   2.1213606e+00   9.0078443e-01   1.1545155e-01   3.1366721e+00   4.7135174e-02   1.0505613e+01
   1.1516354e+01   8.1687618e-01   1.2359964e+01   6.0501316e+00   9.5607684e+00   3.0765046e+00   7.9310095e+00   2.1826528e-01   9.0390718e+00   2.1053503e-01   9.7334168e-02   3.5424677e-02   2.9224723e+00   2.1456739e+00   9.1005508e-01   1.1556284e-01   3.1524231e+00   4.6785776e-02   1.0679439e+01
   1.1653347e+01   8.1717006e-01   1.2560249e+01   6.0876878e+00   9.6554801e+00   3.1074444e+00   7.9952611e+00   2.1990005e-01   9.1630856e+00   2.1108382e-01   9.6925760e-02   3.5497398e-02   2.9460220e+00   2.1805139e+00   9.1803895e-01   1.1541321e-01   3.1751268e+00   4.6607536e-02   1.0899581e+01
   1.1768380e+01   8.1752956e-01   1.2748383e+01   6.1428221e+00   9.7441209e+00   3.1410266e+00   8.0598691e+00   2.2126224e-01   9.3179247e+00   2.1195958e-01   9.6842846e-02   3.5559485e-02   2.9637465e+00   2.1991029e+00   9.2449852e-01   1.1560223e-01   3.2033574e+00   4.7021394e-02   1.1053944e+01
   1.1857741e+01   8.1445620e-01   1.2938062e+01   6.2097809e+00   9.8207929e+00   3.1771090e+00   8.1236003e+00   2.2238797e-01   9.4700642e+00   2.1277556e-01   9.6585530e-02   3.5814315e-02   2.9797565e+00   2.2133911e+00   9.3087550e-01   1.1575608e-01   3.2191525e+00   4.7385293e-02   1.1233966e+01
   1.1941235e+01   8.1233595e-01   1.3160684e+01   6.2678003e+00   9.9178821e+00   3.2059210e+00   8.1651545e+00   2.2168798e-01   9.5998442e+00   2.1339716e-01   9.6169294e-02   3.5843590e-02   2.9997602e+00   2.2397474e+00   9.4075440e-01   1.1582055e-01   3.2400967e+00   4.7396081e-02   1.1393836e+01
   1.2089637e+01   8.1253179e-01   1.3357238e+01   6.3223843e+00   1.0019921e+01   3.2384450e+00   8.2069477e+00   2.2348657e-01   9.7366570e+00   2.1418942e-01   9.5907770e-02   3.6267959e-02   3.0179047e+00   2.2622972e+00   9.4873384e-01   1.1586721e-01   3.2622146e+00   4.7485986e-02   1.1546079e+01
   1.2225878e+01   8.1214489e-01   1.3488470e+01   6.3540216e+00   1.0108394e+01   3.2701724e+00   8.2404108e+00   2.2525342e-01   9.8433193e+00   2.1498852e-01   9.5297725e-02   3.6386779e-02   3.0355827e+00   2.2725736e+00   9.5668075e-01   1.1592720e-01   3.2725708e+00   4.7738305e-02   1.1682263e+01
   1.2363035e+01   8.1144332e-01   1.3662392e+01   6.3919210e+00   1.0181854e+01   3.2982952e+00   8.2642295e+00   2.2624171e-01   9.9356988e+00   2.1572063e-01   9.4637438e-02   3.6498479e-02   3.0580160e+00   2.2922849e+00   9.6578471e-01   1.1596371e-01   3.2954713e+00   4.7990609e-02   1.1892712e+01
   1.2495406e+01   8.1118902e-01   1.3813859e+01   6.4354083e+00   1.0254786e+01   3.3259527e+00   8.3103097e+00   2.2778033e-01   1.0037590e+01   2.1635502e-01   9.4246928e-02   3.6549181e-02   3.0782644e+00   2.3003489e+00   9.7638084e-01   1.1606768e-01   3.3180920e+00   4.8459501e-02   1.2065163e+01
   1.2649463e+01   8.0941135e-01   1.4000164e+01   6.4762950e+00   1.0334368e+01   3.3519904e+00   8.3544728e+00   2.2998641e-01   1.0139022e+01   2.1718115e-01   9.3909662e-02   3.6696914e-02   3.1011726e+00   2.3215548e+00   9.8376837e-01   1.1622399e-01   3.3406900e+00   4.8875795e-02   1.2210270e+01
   1.2786326e+01   8.0524121e-01   1.4174784e+01   6.5266689e+00   1.0433924e+01   3.3811710e+00   8.3755044e+00   2.3180838e-01   1.0212165e+01   2.1765102e-01   9.3083758e-02   3.6582351e-02   3.1175694e+00   2.3341422e+00   9.8910772e-01   1.1624976e-01   3.3561738e+00   4.9180894e-02   1.2383249e+01
   1.2898374e+01   8.0222846e-01   1.4322349e+01   6.5775021e+00   1.0522366e+01   3.4097161e+00   8.4063666e+00   2.3221478e-01   1.0289710e+01   2.1831029e-01   9.2568449e-02   3.6678516e-02   3.1325821e+00   2.3555853e+00   9.9608942e-01   1.1620477e-01   3.3759604e+00   4.9819555e-02   1.2559756e+01
   1.3038273e+01   8.0228415e-01   1.4483616e+01   6.6299096e+00   1.0629252e+01   3.4442204e+00   8.4517304e+00   2.3344930e-01   1.0381999e+01   2.1887572e-01   9.2594493e-02   3.6743406e-02   3.1401168e+00   2.3640256e+00   9.9875617e-01   1.1631004e-01   3.4066731e+00   5.0600559e-02   1.2763143e+01
   1.3178820e+01   8.0334412e-01   1.4653610e+01   6.6723055e+00   1.0736087e+01   3.4777392e+00   8.5026214e+00   2.3434959e-01   1.0488803e+01   2.1957868e-01   9.3152820e-02   3.6888365e-02   3.1593238e+00   2.3759331e+00   1.0053551e+00   1.1654833e-01   3.4446126e+00   5.1031843e-02   1.2958514e+01
   1.3313561e+01   8.0233523e-01   1.4808353e+01   6.7122435e+00   1.0822409e+01   3.5130533e+00   8.5556844e+00   2.3699767e-01   1.0584938e+01   2.2027498e-01   9.2784168e-02   3.7031891e-02   3.1815051e+00   2.3980863e+00   1.0147410e+00   1.1659273e-01   3.4720738e+00   5.1108903e-02   1.3140110e+01
   1.3448049e+01   7.9974488e-01   1.4988586e+01   6.7463716e+00   1.0946484e+01   3.5498948e+00   8.5989073e+00   2.3947025e-01   1.0670467e+01   2.2066371e-01   9.2475763e-02   3.7319361e-02   3.1992888e+00   2.4148261e+00   1.0212500e+00   1.1662040e-01   3.4980721e+00   5.1481435e-02   1.3371377e+01
