   0.0000000e+00   0.0000000e+00   0.0000000e+00   0.0000000e+00   0.0000000e+00   0.0000000e+00   0.0000000e+00   0.0000000e+00   0.0000000e+00   0.0000000e+00   0.0000000e+00   0.0000000e+00   0.0000000e+00   0.0000000e+00   0.0000000e+00   0.0000000e+00   0.0000000e+00   0.0000000e+00   0.0000000e+00
   2.2818612e-01   4.0337137e-02   1.4659696e-01   6.6433154e-02   1.5500029e-01   4.0310595e-02   1.7088551e-01   7.8632568e-03   1.3045922e-01   4.7306024e-03   8.0776518e-03   3.5998175e-03   6.5622150e-02   5.7710400e-02   2.0011225e-02   6.7167393e-03   1.0063794e-01   5.4085640e-03   2.2961436e-01
   4.2772021e-01   7.5286286e-02   2.5024241e-01   1.1848433e-01   3.0345900e-01   7.0000702e-02   3.2637835e-01   1.4046907e-02   2.5240171e-01   9.2300185e-03   1.6534928e-02   6.8752116e-03   1.3479487e-01   1.0491132e-01   4.2247731e-02   1.3145683e-02   1.8156105e-01   7.0254324e-03   3.8482837e-01
   5.6349652e-01   1.1163858e-01   3.3905378e-01   1.6922333e-01   4.3324070e-01   9.8419169e-02   4.3822352e-01   1.7856564e-02   3.6933623e-01   1.2355236e-02   2.3392027e-02   9.1919762e-03   1.7077288e-01   1.3381699e-01   5.7671248e-02   1.7261534e-02   2.5998380e-01   7.9170458e-03   5.1389308e-01
   7.0993562e-01   1.5099869e-01   4.4508134e-01   2.2163826e-01   5.5645034e-01   1.2470735e-01   5.6994934e-01   2.0900618e-02   4.6569460e-01   1.5549454e-02   2.8734081e-02   1.1369361e-02   2.1456967e-01   1.6514962e-01   7.5915468e-02   2.1786225e-02   3.3942039e-01   9.4808672e-03   6.6738214e-01
   8.3934449e-01   1.8463348e-01   5.2928714e-01   2.6899595e-01   7.0848833e-01   1.5011009e-01   6.8088680e-01   2.3139125e-02   5.9246150e-01   1.8444104e-02   3.1325056e-02   1.3890245e-02   2.6585349e-01   1.9904474e-01   9.1666138e-02   2.5984975e-02   4.1228998e-01   1.0027659e-02   8.4508885e-01
   9.9416890e-01   2.1246481e-01   6.2790177e-01   3.3279589e-01   8.6197502e-01   1.7155723e-01   8.0887868e-01   2.7426002e-02   6.7577481e-01   2.1092853e-02   3.4584970e-02   1.5517652e-02   3.0410209e-01   2.3385113e-01   1.0624314e-01   3.0193321e-02   4.7675203e-01   1.1355210e-02   1.0787973e+00
   1.1627707e+00   2.3435609e-01   7.1042538e-01   4.0403499e-01   1.0146922e+00   1.9593258e-01   9.0734310e-01   3.1422133e-02   8.2346356e-01   2.4021148e-02   3.7993746e-02   1.7132522e-02   3.4152000e-01   2.6583327e-01   1.1516226e-01   3.4312699e-02   5.4335392e-01   1.4598577e-02   1.2374314e+00
   1.3217088e+00   2.5380130e-01   7.9773344e-01   4.7671854e-01   1.1806336e+00   2.2391355e-01   1.0100094e+00   3.5078854e-02   9.0000681e-01   2.7420628e-02   4.1009887e-02   1.8938685e-02   3.8335628e-01   2.9969148e-01   1.2844045e-01   3.7475906e-02   6.1663559e-01   1.7070913e-02   1.4431429e+00
   1.4756891e+00   2.8916263e-01   8.8544269e-01   5.4960818e-01   1.3379069e+00   2.5566177e-01   1.1158921e+00   3.9981986e-02   1.0425188e+00   3.1562836e-02   4.3743716e-02   2.0971579e-02   4.4491087e-01   3.4328544e-01   1.4550626e-01   4.0613486e-02   6.8872695e-01   1.7566340e-02   1.6333236e+00
   1.6518436e+00   3.1710174e-01   1.0115516e+00   6.1762481e-01   1.4845815e+00   2.8877289e-01   1.2417527e+00   4.3202988e-02   1.1655648e+00   3.4820514e-02   4.6841161e-02   2.2667845e-02   4.9157094e-01   3.8308017e-01   1.5744195e-01   4.4411056e-02   7.6224319e-01   1.8037268e-02   1.7945055e+00
   1.7811750e+00   3.3853062e-01   1.1137123e+00   6.7507957e-01   1.6259550e+00   3.1984901e-01   1.3128806e+00   4.5217910e-02   1.2421468e+00   3.6841949e-02   4.8866555e-02   2.4015637e-02   5.2251262e-01   4.1345485e-01   1.7039658e-01   4.7541083e-02   8.2548310e-01   1.7705752e-02   2.0153570e+00
   1.9101067e+00   3.6077347e-01   1.2768404e+00   7.5266838e-01   1.7744610e+00   3.4817749e-01   1.3874619e+00   4.8339711e-02   1.3207595e+00   4.0072423e-02   5.1760089e-02   2.5393099e-02   5.6687636e-01   4.4355278e-01   1.8702516e-01   5.1091719e-02   8.8853240e-01   1.8736677e-02   2.1930272e+00
   2.0493373e+00   3.7646580e-01   1.3886844e+00   8.2594953e-01   1.9057806e+00   3.7818192e-01   1.4591171e+00   5.1462816e-02   1.3754107e+00   4.2808321e-02   5.3698900e-02   2.6699942e-02   6.0919906e-01   4.7054202e-01   2.0097815e-01   5.3615670e-02   9.4463964e-01   1.9586635e-02   2.3785287e+00
   2.2269936e+00   4.0348493e-01   1.5527662e+00   9.2466172e-01   2.0595165e+00   4.1363489e-01   1.5368024e+00   5.6514796e-02   1.4575111e+00   4.6683266e-02   5.6165959e-02   2.7543835e-02   6.6264307e-01   5.0301942e-01   2.1640095e-01   5.5836316e-02   1.0042101e+00   2.0996068e-02   2.5508372e+00
   2.4056092e+00   4.2295543e-01   1.6818953e+00   1.0052125e+00   2.2097606e+00   4.4801207e-01   1.5993860e+00   6.0615176e-02   1.5258915e+00   4.9370334e-02   5.9087476e-02   2.8864955e-02   7.0970632e-01   5.3638178e-01   2.3105081e-01   5.7697725e-02   1.0532455e+00   2.3335131e-02   2.7483209e+00
   2.5422208e+00   4.3955405e-01   1.8070234e+00   1.0983402e+00   2.3378124e+00   4.8294858e-01   1.6793804e+00   6.4808068e-02   1.6054397e+00   5.1615411e-02   6.1940728e-02   2.9689737e-02   7.4236557e-01   5.6711836e-01   2.4454670e-01   6.0164452e-02   1.1068527e+00   2.4312593e-02   2.9016292e+00
   2.6896472e+00   4.5608797e-01   1.9501659e+00   1.1952186e+00   2.5182640e+00   5.2252147e-01   1.7502705e+00   6.8849098e-02   1.6962330e+00   5.4311349e-02   6.3826561e-02   3.0863840e-02   7.8125777e-01   5.9318341e-01   2.5772159e-01   6.3437269e-02   1.1663870e+00   2.5482768e-02   3.0955931e+00
   2.8343345e+00   4.7386015e-01   2.1120680e+00   1.2870711e+00   2.6625984e+00   5.6108462e-01   1.8465779e+00   7.2456829e-02   1.7888156e+00   5.6383869e-02   6.5375876e-02   3.1566943e-02   8.2520604e-01   6.2280386e-01   2.7073433e-01   6.5430228e-02   1.2254346e+00   2.7710783e-02   3.2847172e+00
   2.9984797e+00   4.9298363e-01   2.2667244e+00   1.3692912e+00   2.8129510e+00   5.9952810e-01   1.9499847e+00   7.6064473e-02   1.8857165e+00   5.9127045e-02   6.7249521e-02   3.2351297e-02   8.5800714e-01   6.4748666e-01   2.8344455e-01   6.8025987e-02   1.2801850e+00   2.8231346e-02   3.4502404e+00
   3.1648691e+00   5.1971544e-01   2.4132086e+00   1.4435518e+00   2.9378972e+00   6.3302809e-01   2.0423139e+00   7.9375839e-02   1.9946966e+00   6.1726086e-02   6.8951807e-02   3.2921243e-02   9.0077358e-01   6.7941454e-01   2.9656678e-01   7.0247849e-02   1.3321248e+00   2.9554203e-02   3.6173294e+00
   3.3099010e+00   5.3615147e-01   2.5278359e+00   1.5259573e+00   3.0705919e+00   6.7048296e-01   2.1419509e+00   8.2857076e-02   2.0991281e+00   6.4613020e-02   7.0199032e-02   3.3642471e-02   9.4529536e-01   7.1690665e-01   3.1106004e-01   7.1530557e-02   1.3841659e+00   3.0045262e-02   3.7647698e+00
   3.4596357e+00   5.5008007e-01   2.6610986e+00   1.5988622e+00   3.1998260e+00   7.0999276e-01   2.2315882e+00   8.6889054e-02   2.1914310e+00   6.6807057e-02   7.2484729e-02   3.4464704e-02   9.8833900e-01   7.5164774e-01   3.2566779e-01   7.2955343e-02   1.4254260e+00   3.1222733e-02   3.9043369e+00
   3.6158990e+00   5.5755127e-01   2.7873267e+00   1.6857498e+00   3.3381505e+00   7.4684394e-01   2.3058084e+00   9.0939891e-02   2.2600928e+00   6.9516577e-02   7.5089750e-02   3.5246664e-02   1.0219369e+00   7.7268126e-01   3.3620010e-01   7.4786321e-02   1.4738740e+00   3.2515788e-02   4.0663362e+00
   3.7828957e+00   5.7407220e-01   2.9562186e+00   1.7716367e+00   3.4896190e+00   7.9037070e-01   2.3858033e+00   9.3827140e-02   2.3343098e+00   7.2204401e-02   7.8352942e-02   3.6270195e-02   1.0603360e+00   7.9253134e-01   3.5140765e-01   7.6908973e-02   1.5248938e+00   3.1041103e-02   4.2003181e+00
   3.9482756e+00   5.8719192e-01   3.0903065e+00   1.8631046e+00   3.6278269e+00   8.2829108e-01   2.4737845e+00   9.6948752e-02   2.4314444e+00   7.4963706e-02   8.0007403e-02   3.7082439e-02   1.0985984e+00   8.1764033e-01   3.6458818e-01   7.8451286e-02   1.5761064e+00   3.1276265e-02   4.3573986e+00
   4.0893092e+00   6.0185870e-01   3.2194892e+00   1.9576418e+00   3.7504329e+00   8.7087096e-01   2.5757905e+00   9.9479970e-02   2.5347040e+00   7.7082945e-02   8.1427726e-02   3.7571423e-02   1.1320337e+00   8.3890667e-01   3.7635087e-01   8.0703209e-02   1.6275827e+00   3.3090262e-02   4.5420615e+00
   4.2388869e+00   6.1898868e-01   3.3391288e+00   2.0417295e+00   3.8730473e+00   9.1118901e-01   2.6901566e+00   1.0384917e-01   2.6624859e+00   7.9120059e-02   8.2958773e-02   3.8469964e-02   1.1690455e+00   8.6485963e-01   3.8809793e-01   8.2857177e-02   1.6712166e+00   3.2283041e-02   4.6827950e+00
   4.3945487e+00   6.3590816e-01   3.4650114e+00   2.1206208e+00   4.0096793e+00   9.5607731e-01   2.8071311e+00   1.0780605e-01   2.7871469e+00   8.1605867e-02   8.3999928e-02   3.9096035e-02   1.2074315e+00   8.9068784e-01   4.0046456e-01   8.3990729e-02   1.7193448e+00   3.2768641e-02   4.8382001e+00
   4.5156236e+00   6.4534309e-01   3.6380374e+00   2.1937695e+00   4.1404583e+00   9.9345320e-01   2.9277334e+00   1.1126135e-01   2.9165880e+00   8.3473190e-02   8.4947504e-02   3.9418835e-02   1.2484149e+00   9.2811276e-01   4.1352407e-01   8.5633961e-02   1.7631667e+00   3.3981675e-02   5.0439958e+00
   4.6927250e+00   6.5494756e-01   3.7686373e+00   2.2729454e+00   4.2656843e+00   1.0348183e+00   3.0282713e+00   1.1492139e-01   3.0309424e+00   8.5692254e-02   8.6104184e-02   4.0042952e-02   1.2856992e+00   9.5404951e-01   4.2493035e-01   8.6760094e-02   1.7998353e+00   3.3678774e-02   5.2199423e+00
   4.8608803e+00   6.6308339e-01   3.9356565e+00   2.3664475e+00   4.3836823e+00   1.0753627e+00   3.1360886e+00   1.1784770e-01   3.1518512e+00   8.8290074e-02   8.7545793e-02   4.1011022e-02   1.3279825e+00   9.8477507e-01   4.4094764e-01   8.7854270e-02   1.8401215e+00   3.4624133e-02   5.4710637e+00
   5.0060601e+00   6.7144314e-01   4.0818658e+00   2.4592382e+00   4.5075023e+00   1.1212881e+00   3.2690446e+00   1.2169316e-01   3.2846422e+00   9.0519384e-02   8.8390946e-02   4.1700754e-02   1.3707414e+00   1.0101650e+00   4.5552075e-01   8.9205055e-02   1.8818923e+00   3.4534551e-02   5.6491560e+00
   5.1750485e+00   6.8644215e-01   4.2016663e+00   2.5402018e+00   4.6266342e+00   1.1623485e+00   3.4140375e+00   1.2513338e-01   3.4168576e+00   9.2633355e-02   8.9496037e-02   4.2498681e-02   1.4119181e+00   1.0391847e+00   4.6821046e-01   9.0945403e-02   1.9272177e+00   3.4864712e-02   5.8776148e+00
   5.2997731e+00   6.9769745e-01   4.3541857e+00   2.6267053e+00   4.7459107e+00   1.2009906e+00   3.5358121e+00   1.2929807e-01   3.5288388e+00   9.4099882e-02   9.0219097e-02   4.2840533e-02   1.4450595e+00   1.0612231e+00   4.8165658e-01   9.1856660e-02   1.9734233e+00   3.5656116e-02   6.0667821e+00
   5.4113426e+00   7.0499600e-01   4.4231675e+00   2.7009595e+00   4.8501729e+00   1.2345830e+00   3.6906458e+00   1.3113763e-01   3.6390938e+00   9.5493754e-02   9.0826351e-02   4.3089496e-02   1.4741051e+00   1.0783389e+00   4.9121662e-01   9.2654503e-02   2.0148722e+00   3.6663134e-02   6.2497417e+00
   5.5339361e+00   7.1721327e-01   4.5462623e+00   2.8102918e+00   4.9871410e+00   1.2726600e+00   3.8147736e+00   1.3437882e-01   3.7735975e+00   9.7190587e-02   9.1816903e-02   4.3098441e-02   1.5086516e+00   1.0975600e+00   4.9963150e-01   9.4057514e-02   2.0607071e+00   3.8050786e-02   6.4070570e+00
   5.6579703e+00   7.2794869e-01   4.7014752e+00   2.9077160e+00   5.1143358e+00   1.3081790e+00   3.9307036e+00   1.3859010e-01   3.9010711e+00   9.9133535e-02   9.2840152e-02   4.3045107e-02   1.5490627e+00   1.1213751e+00   5.1113348e-01   9.5317851e-02   2.1087438e+00   3.9440907e-02   6.6604103e+00
   5.7837198e+00   7.3329401e-01   4.8693591e+00   2.9880912e+00   5.2466692e+00   1.3515839e+00   4.0393639e+00   1.4264180e-01   4.0233898e+00   1.0097301e-01   9.3101199e-02   4.3042105e-02   1.5896997e+00   1.1490232e+00   5.1799169e-01   9.6556216e-02   2.1484559e+00   3.9372910e-02   6.7985783e+00
   5.9318295e+00   7.4170564e-01   4.9976545e+00   3.0610357e+00   5.3467157e+00   1.3906938e+00   4.1298364e+00   1.4551674e-01   4.1359414e+00   1.0224783e-01   9.3796549e-02   4.3501803e-02   1.6244202e+00   1.1718725e+00   5.2629206e-01   9.7373612e-02   2.1850349e+00   3.9213627e-02   6.9312228e+00
   6.0665110e+00   7.5126009e-01   5.1579191e+00   3.1428838e+00   5.4740115e+00   1.4339321e+00   4.2207207e+00   1.4819158e-01   4.2433753e+00   1.0356441e-01   9.4835622e-02   4.4011191e-02   1.6568356e+00   1.1968736e+00   5.3567803e-01   9.7624434e-02   2.2202693e+00   3.9506686e-02   7.1045451e+00
   6.1814458e+00   7.5486235e-01   5.2845281e+00   3.2201056e+00   5.5830865e+00   1.4746118e+00   4.2965568e+00   1.5091004e-01   4.3391862e+00   1.0466131e-01   9.5216193e-02   4.4203473e-02   1.6848304e+00   1.2190165e+00   5.4540277e-01   9.8680552e-02   2.2592376e+00   4.0079341e-02   7.3333672e+00
   6.2809248e+00   7.6335656e-01   5.3767842e+00   3.2762713e+00   5.6967929e+00   1.5157676e+00   4.4024860e+00   1.5422350e-01   4.4474556e+00   1.0589273e-01   9.5723867e-02   4.4606217e-02   1.7099855e+00   1.2422331e+00   5.5551359e-01   9.9703954e-02   2.3024514e+00   4.0657251e-02   7.5386961e+00
   6.3791001e+00   7.6960150e-01   5.5064132e+00   3.3732541e+00   5.8150380e+00   1.5544147e+00   4.5170774e+00   1.5682430e-01   4.5553590e+00   1.0727711e-01   9.6098277e-02   4.4870072e-02   1.7350281e+00   1.2591260e+00   5.6346183e-01   1.0084437e-01   2.3521252e+00   4.1499535e-02   7.7328541e+00
   6.4801528e+00   7.7449696e-01   5.6245135e+00   3.4333000e+00   5.9328358e+00   1.5901317e+00   4.6427405e+00   1.5917272e-01   4.6781475e+00   1.0806705e-01   9.6519821e-02   4.5157373e-02   1.7605542e+00   1.2824542e+00   5.7351143e-01   1.0168428e-01   2.3925067e+00   4.2108304e-02   7.8884555e+00
   6.5907594e+00   7.7820598e-01   5.7447192e+00   3.4962794e+00   6.0605418e+00   1.6233266e+00   4.7658720e+00   1.6145640e-01   4.7874948e+00   1.0950260e-01   9.6944081e-02   4.5223574e-02   1.7893107e+00   1.3075731e+00   5.8476581e-01   1.0251712e-01   2.4370337e+00   4.2450418e-02   8.0757152e+00
   6.6935308e+00   7.8460192e-01   5.8286031e+00   3.5603260e+00   6.1720334e+00   1.6556378e+00   4.8656966e+00   1.6391726e-01   4.9064650e+00   1.1079181e-01   9.7252015e-02   4.5646732e-02   1.8260357e+00   1.3348604e+00   5.9621071e-01   1.0293847e-01   2.4692817e+00   4.3660604e-02   8.2106727e+00
   6.8189287e+00   7.8746123e-01   5.9395648e+00   3.6169254e+00   6.2911496e+00   1.6916227e+00   4.9594180e+00   1.6592871e-01   5.0180338e+00   1.1238836e-01   9.7593067e-02   4.5953761e-02   1.8572201e+00   1.3601694e+00   6.0677100e-01   1.0360919e-01   2.5092193e+00   4.4403778e-02   8.4140220e+00
   6.9364332e+00   7.9294896e-01   6.0621365e+00   3.6825811e+00   6.3985732e+00   1.7327197e+00   5.0493956e+00   1.6830045e-01   5.1288740e+00   1.1380655e-01   9.8270512e-02   4.6524112e-02   1.8901171e+00   1.3833559e+00   6.1687684e-01   1.0423806e-01   2.5473023e+00   4.3836947e-02   8.5721126e+00
   7.0675197e+00   7.9631163e-01   6.1526810e+00   3.7412844e+00   6.4939947e+00   1.7699965e+00   5.1398779e+00   1.7057504e-01   5.2384532e+00   1.1507705e-01   9.8511968e-02   4.6793853e-02   1.9126131e+00   1.4004474e+00   6.2193589e-01   1.0471521e-01   2.5889706e+00   4.3959234e-02   8.7130173e+00
   7.1810316e+00   7.9797106e-01   6.2598507e+00   3.8014555e+00   6.5948504e+00   1.8069432e+00   5.2206194e+00   1.7343273e-01   5.3459459e+00   1.1649837e-01   9.9226335e-02   4.7216217e-02   1.9389419e+00   1.4228951e+00   6.3232400e-01   1.0567505e-01   2.6235158e+00   4.4579055e-02   8.8805121e+00
   7.2991548e+00   8.0291296e-01   6.3747932e+00   3.8769677e+00   6.7094640e+00   1.8500892e+00   5.3064832e+00   1.7756635e-01   5.4494928e+00   1.1827892e-01   9.9919222e-02   4.7852436e-02   1.9755622e+00   1.4505740e+00   6.4653987e-01   1.0682229e-01   2.6529153e+00   4.5049704e-02   9.0839851e+00
   7.4110072e+00   8.0767227e-01   6.5103424e+00   3.9422801e+00   6.8426102e+00   1.8943367e+00   5.3841387e+00   1.8134183e-01   5.5442780e+00   1.2004119e-01   1.0041653e-01   4.8161685e-02   2.0064810e+00   1.4764755e+00   6.5751296e-01   1.0766484e-01   2.6825431e+00   4.5220014e-02   9.2971980e+00
   7.5635585e+00   8.1181861e-01   6.6782417e+00   4.0123713e+00   6.9427325e+00   1.9342167e+00   5.4812260e+00   1.8541337e-01   5.6238752e+00   1.2141293e-01   1.0025033e-01   4.8390829e-02   2.0329154e+00   1.4936178e+00   6.6785631e-01   1.0821712e-01   2.7190325e+00   4.5419502e-02   9.5057733e+00
   7.7436204e+00   8.1682559e-01   6.8051482e+00   4.0791068e+00   7.0533960e+00   1.9726040e+00   5.5752069e+00   1.8829660e-01   5.7338076e+00   1.2260046e-01   1.0042620e-01   4.8373644e-02   2.0567009e+00   1.5136683e+00   6.7605499e-01   1.0891472e-01   2.7535193e+00   4.6213267e-02   9.6902941e+00
   7.8511528e+00   8.2165576e-01   6.9206397e+00   4.1372759e+00   7.1580849e+00   2.0117596e+00   5.6621766e+00   1.9020237e-01   5.8251715e+00   1.2342249e-01   1.0085273e-01   4.8465899e-02   2.0730451e+00   1.5315632e+00   6.8116564e-01   1.0958747e-01   2.7844998e+00   4.6480585e-02   9.8658269e+00
   7.9561930e+00   8.2674125e-01   7.0740432e+00   4.2148837e+00   7.2659144e+00   2.0443519e+00   5.7651339e+00   1.9232074e-01   5.9460678e+00   1.2440899e-01   1.0115407e-01   4.8634789e-02   2.0946573e+00   1.5499430e+00   6.8946593e-01   1.1047871e-01   2.8151005e+00   4.6278398e-02   1.0085939e+01
   8.0588584e+00   8.2664423e-01   7.2390856e+00   4.2920592e+00   7.3658944e+00   2.0790671e+00   5.8636694e+00   1.9524863e-01   6.0767692e+00   1.2593369e-01   1.0134188e-01   4.9408074e-02   2.1262617e+00   1.5771407e+00   7.0059800e-01   1.1096902e-01   2.8428125e+00   4.6543746e-02   1.0331899e+01
   8.1956274e+00   8.3128941e-01   7.4187218e+00   4.3591790e+00   7.4714666e+00   2.1157757e+00   5.9542651e+00   1.9743981e-01   6.1840441e+00   1.2695359e-01   1.0103629e-01   4.9784414e-02   2.1540085e+00   1.5987867e+00   7.1026470e-01   1.1092039e-01   2.8701016e+00   4.7124367e-02   1.0516458e+01
   8.3233472e+00   8.3401290e-01   7.5301374e+00   4.4162620e+00   7.5695714e+00   2.1500465e+00   6.0383039e+00   1.9867161e-01   6.2951408e+00   1.2819916e-01   1.0143620e-01   5.0015382e-02   2.1803226e+00   1.6191417e+00   7.1703256e-01   1.1138407e-01   2.8954702e+00   4.7326543e-02   1.0625064e+01
   8.4281892e+00   8.3524999e-01   7.6840365e+00   4.4741155e+00   7.6762715e+00   2.1900189e+00   6.1075237e+00   1.9950606e-01   6.4149878e+00   1.2919429e-01   1.0167529e-01   5.0304707e-02   2.2034114e+00   1.6417059e+00   7.2561056e-01   1.1174776e-01   2.9240677e+00   4.7633364e-02   1.0744312e+01
   8.5069485e+00   8.3761071e-01   7.7740180e+00   4.5333970e+00   7.7854410e+00   2.2280266e+00   6.1856409e+00   2.0059442e-01   6.5266077e+00   1.3054458e-01   1.0168903e-01   5.0843886e-02   2.2297511e+00   1.6629153e+00   7.3511241e-01   1.1160007e-01   2.9431450e+00   4.8365823e-02   1.0877694e+01
   8.5915552e+00   8.3674540e-01   7.8463190e+00   4.5830567e+00   7.8867866e+00   2.2688618e+00   6.2420066e+00   2.0171419e-01   6.5957329e+00   1.3203920e-01   1.0169112e-01   5.0788831e-02   2.2499041e+00   1.6797009e+00   7.4250436e-01   1.1202585e-01   2.9662497e+00   4.9050176e-02   1.1058003e+01
   8.6826042e+00   8.3592543e-01   7.9344355e+00   4.6315764e+00   8.0028437e+00   2.3078174e+00   6.3102462e+00   2.0307340e-01   6.6827624e+00   1.3314959e-01   1.0172250e-01   5.0728818e-02   2.2689615e+00   1.6985877e+00   7.5081909e-01   1.1232993e-01   2.9950556e+00   4.9659052e-02   1.1232607e+01
   8.7793502e+00   8.3731555e-01   8.0727452e+00   4.6855938e+00   8.1013748e+00   2.3452823e+00   6.3954868e+00   2.0478701e-01   6.7889688e+00   1.3444588e-01   1.0170784e-01   5.0924896e-02   2.2952850e+00   1.7202966e+00   7.5876452e-01   1.1291136e-01   3.0238016e+00   5.0050110e-02   1.1373464e+01
   8.9137909e+00   8.4555424e-01   8.2379619e+00   4.7645101e+00   8.2141001e+00   2.3841297e+00   6.4649018e+00   2.0649695e-01   6.8760346e+00   1.3578165e-01   1.0208983e-01   5.1003760e-02   2.3122574e+00   1.7335861e+00   7.6570557e-01   1.1367568e-01   3.0561490e+00   5.0595484e-02   1.1536147e+01
   9.0481228e+00   8.4725737e-01   8.3452693e+00   4.8334197e+00   8.3154700e+00   2.4187170e+00   6.5357326e+00   2.0885815e-01   6.9630554e+00   1.3724471e-01   1.0214252e-01   5.0887920e-02   2.3289542e+00   1.7502824e+00   7.7129700e-01   1.1353348e-01   3.0765143e+00   5.1200523e-02   1.1697646e+01
   9.1373200e+00   8.4717355e-01   8.4812480e+00   4.8928171e+00   8.4123859e+00   2.4449846e+00   6.5925650e+00   2.1056391e-01   7.0186076e+00   1.3866477e-01   1.0286243e-01   5.1131278e-02   2.3494775e+00   1.7710131e+00   7.7942811e-01   1.1403886e-01   3.0992625e+00   5.1244303e-02   1.1892880e+01
   9.2339724e+00   8.5008531e-01   8.5792175e+00   4.9551431e+00   8.5014867e+00   2.4644856e+00   6.6481527e+00   2.1204915e-01   7.1028869e+00   1.3987635e-01   1.0309669e-01   5.1245816e-02   2.3712530e+00   1.7912034e+00   7.8678949e-01   1.1517278e-01   3.1201632e+00   5.1254912e-02   1.2072011e+01
   9.3455105e+00   8.5262219e-01   8.6819414e+00   5.0107400e+00   8.5840923e+00   2.4894835e+00   6.7009253e+00   2.1345632e-01   7.1724593e+00   1.4094388e-01   1.0320547e-01   5.1607686e-02   2.3973893e+00   1.8123791e+00   7.9600411e-01   1.1572944e-01   3.1388567e+00   5.2119394e-02   1.2233640e+01
   9.4302235e+00   8.5246345e-01   8.7937401e+00   5.0549582e+00   8.6845423e+00   2.5198051e+00   6.7589064e+00   2.1606622e-01   7.2534315e+00   1.4221748e-01   1.0395052e-01   5.1748021e-02   2.4226095e+00   1.8322742e+00   8.0298898e-01   1.1585173e-01   3.1607090e+00   5.2244847e-02   1.2404935e+01
   9.5364603e+00   8.5724619e-01   8.9061130e+00   5.1070151e+00   8.7843820e+00   2.5515253e+00   6.8151499e+00   2.1780072e-01   7.3297654e+00   1.4316961e-01   1.0448327e-01   5.1797773e-02   2.4438165e+00   1.8482274e+00   8.1144283e-01   1.1674814e-01   3.1839271e+00   5.2813755e-02   1.2557109e+01
   9.6477871e+00   8.5893516e-01   9.0298085e+00   5.1549129e+00   8.8819939e+00   2.5790627e+00   6.8728902e+00   2.1959586e-01   7.4070128e+00   1.4405634e-01   1.0483952e-01   5.2012540e-02   2.4623561e+00   1.8650541e+00   8.1961182e-01   1.1786417e-01   3.2091721e+00   5.3646969e-02   1.2710559e+01
   9.7433229e+00   8.5911529e-01   9.1016016e+00   5.1909590e+00   8.9685602e+00   2.6039436e+00   6.9211106e+00   2.2084849e-01   7.4639969e+00   1.4563590e-01   1.0526302e-01   5.2376141e-02   2.4875281e+00   1.8836148e+00   8.2662250e-01   1.1855522e-01   3.2345934e+00   5.3971887e-02   1.2912020e+01
   9.8362474e+00   8.6030951e-01   9.1909897e+00   5.2366889e+00   9.0545768e+00   2.6295012e+00   6.9687258e+00   2.2233618e-01   7.5388474e+00   1.4686349e-01   1.0572910e-01   5.2658888e-02   2.5066229e+00   1.9005655e+00   8.3329693e-01   1.1899115e-01   3.2522822e+00   5.4685750e-02   1.3117072e+01
   9.9322440e+00   8.6196580e-01   9.2557850e+00   5.2747250e+00   9.1431065e+00   2.6479923e+00   7.0205012e+00   2.2300216e-01   7.6148091e+00   1.4767718e-01   1.0566054e-01   5.3130049e-02   2.5230643e+00   1.9109672e+00   8.4079104e-01   1.1967361e-01   3.2762683e+00   5.6326463e-02   1.3301262e+01
   1.0013994e+01   8.6237752e-01   9.3459062e+00   5.3224983e+00   9.2316985e+00   2.6721264e+00   7.0763161e+00   2.2395760e-01   7.6924356e+00   1.4887076e-01   1.0521192e-01   5.3051827e-02   2.5406527e+00   1.9257103e+00   8.4613760e-01   1.2018009e-01   3.3002325e+00   5.7198467e-02   1.3494282e+01
   1.0101681e+01   8.6421669e-01   9.4806592e+00   5.3730727e+00   9.3294288e+00   2.6927243e+00   7.1277150e+00   2.2482502e-01   7.7574282e+00   1.5002359e-01   1.0535532e-01   5.3695466e-02   2.5639383e+00   1.9442553e+00   8.5462244e-01   1.2043623e-01   3.3256867e+00   5.7363627e-02   1.3656450e+01
   1.0212510e+01   8.6893001e-01   9.6165733e+00   5.4215884e+00   9.4106235e+00   2.7199961e+00   7.1691357e+00   2.2604547e-01   7.8335361e+00   1.5108213e-01   1.0567878e-01   5.3863775e-02   2.5789819e+00   1.9585847e+00   8.6145237e-01   1.2122594e-01   3.3510639e+00   5.8059507e-02   1.3820430e+01
   1.0321062e+01   8.7409175e-01   9.7117253e+00   5.4611740e+00   9.5042066e+00   2.7484399e+00   7.2224402e+00   2.2822445e-01   7.9128940e+00   1.5254397e-01   1.0608237e-01   5.4050647e-02   2.6013317e+00   1.9764722e+00   8.7087951e-01   1.2111976e-01   3.3714135e+00   5.9622585e-02   1.3962911e+01
   1.0455796e+01   8.7701853e-01   9.7764363e+00   5.4974116e+00   9.5791924e+00   2.7781538e+00   7.2697831e+00   2.2949086e-01   8.0059672e+00   1.5411658e-01   1.0647646e-01   5.4538764e-02   2.6239828e+00   1.9948726e+00   8.8049024e-01   1.2167434e-01   3.3910553e+00   6.0030524e-02   1.4086022e+01
   1.0574227e+01   8.7994516e-01   9.8897505e+00   5.5447612e+00   9.6612265e+00   2.8004282e+00   7.3134094e+00   2.3072284e-01   8.0788647e+00   1.5548993e-01   1.0668535e-01   5.4945399e-02   2.6416210e+00   2.0063996e+00   8.9020345e-01   1.2196377e-01   3.4140398e+00   6.0056077e-02   1.4252950e+01
   1.0694126e+01   8.8232850e-01   9.9697460e+00   5.5852811e+00   9.7185919e+00   2.8255086e+00   7.3527675e+00   2.3248391e-01   8.1463740e+00   1.5663939e-01   1.0672762e-01   5.5179087e-02   2.6606952e+00   2.0255382e+00   8.9974482e-01   1.2263356e-01   3.4426279e+00   6.0807880e-02   1.4379291e+01
   1.0797980e+01   8.8299613e-01   1.0093097e+01   5.6383965e+00   9.7849050e+00   2.8491102e+00   7.3907259e+00   2.3365844e-01   8.1960075e+00   1.5784252e-01   1.0705989e-01   5.5184078e-02   2.6764718e+00   2.0400677e+00   9.0758071e-01   1.2222708e-01   3.4666614e+00   6.1528115e-02   1.4552484e+01
   1.0899086e+01   8.8593465e-01   1.0201418e+01   5.6805549e+00   9.8558722e+00   2.8685842e+00   7.4348708e+00   2.3519649e-01   8.2623996e+00   1.5900304e-01   1.0734919e-01   5.5314388e-02   2.7000583e+00   2.0613962e+00   9.1693208e-01   1.2245215e-01   3.4855858e+00   6.3363429e-02   1.4724132e+01
   1.0992004e+01   8.8912674e-01   1.0302262e+01   5.7173797e+00   9.9403215e+00   2.8870543e+00   7.4631585e+00   2.3640529e-01   8.3336575e+00   1.6026611e-01   1.0730878e-01   5.5661685e-02   2.7179911e+00   2.0800551e+00   9.2557304e-01   1.2269425e-01   3.5043179e+00   6.5011059e-02   1.4889838e+01
