   0.0000000e+00   0.0000000e+00   0.0000000e+00   0.0000000e+00   0.0000000e+00   0.0000000e+00   0.0000000e+00   0.0000000e+00   0.0000000e+00   0.0000000e+00   0.0000000e+00   0.0000000e+00   0.0000000e+00   0.0000000e+00   0.0000000e+00   0.0000000e+00   0.0000000e+00   0.0000000e+00   0.0000000e+00
  -1.8109914e-01  -4.2949555e-02  -1.1228987e-01  -5.2591595e-02  -1.1192619e-01  -2.2735048e-02  -8.4938039e-02  -4.6869107e-03  -9.3750000e-02  -4.0965534e-03  -6.8503229e-03  -2.9021691e-03  -6.3517645e-02  -4.3625404e-02  -2.5311658e-02  -6.5014017e-03  -4.2382812e-02  -1.0758604e-03  -1.7514009e-01
  -3.3721444e-01  -7.9718649e-02  -2.4350216e-01  -1.2162446e-01  -2.4466056e-01  -4.3116918e-02  -1.4072198e-01  -1.0047818e-02  -1.8773707e-01  -6.8742844e-03  -9.9530976e-03  -5.4712966e-03  -1.3520003e-01  -9.5748586e-02  -4.8739898e-02  -1.2765461e-02  -7.5381196e-02  -1.8603516e-03  -3.1572198e-01
  -6.0342672e-01  -1.0701896e-01  -3.4546336e-01  -1.9329472e-01  -3.6204203e-01  -5.6992861e-02  -2.3591460e-01  -1.5144801e-02  -2.9033405e-01  -1.0699000e-02  -1.4499459e-02  -8.0011302e-03  -2.0764025e-01  -1.4016063e-01  -7.3195801e-02  -1.7680454e-02  -1.1371363e-01  -2.9955108e-03  -4.8302802e-01
  -8.8184267e-01  -1.5515187e-01  -4.9685345e-01  -2.7123249e-01  -5.2426724e-01  -9.3434133e-02  -3.3745151e-01  -2.0303408e-02  -3.9539332e-01  -1.6133696e-02  -2.1644929e-02  -1.1663182e-02  -3.0165258e-01  -1.9653724e-01  -9.3157496e-02  -2.2041384e-02  -1.7239965e-01  -4.3310336e-03  -6.3859914e-01
  -1.0454472e+00  -1.6956526e-01  -6.1022629e-01  -3.2263739e-01  -6.2438578e-01  -1.2124124e-01  -3.9550242e-01  -2.5733979e-02  -5.1304418e-01  -1.9236008e-02  -2.6750594e-02  -1.3807773e-02  -3.4606294e-01  -2.4587318e-01  -1.1894119e-01  -2.5462068e-02  -2.3077047e-01  -4.7448310e-03  -7.4689655e-01
  -1.2681950e+00  -1.9905139e-01  -7.6996228e-01  -4.1062231e-01  -6.8099138e-01  -1.5307584e-01  -4.7737069e-01  -3.2164854e-02  -5.8954741e-01  -2.3183425e-02  -3.2161918e-02  -1.6794202e-02  -4.1653590e-01  -2.8634025e-01  -1.3530349e-01  -2.9749577e-02  -2.6559941e-01  -6.5765486e-03  -8.9928879e-01
  -1.4736853e+00  -2.3397242e-01  -8.7820582e-01  -4.9966999e-01  -8.3131196e-01  -1.9147495e-01  -5.5831762e-01  -4.0091595e-02  -7.2143319e-01  -2.7420696e-02  -3.8114908e-02  -1.8292415e-02  -5.0099542e-01  -3.3856109e-01  -1.5662547e-01  -3.5336861e-02  -3.0275054e-01  -7.5335272e-03  -1.0396767e+00
  -1.6761369e+00  -2.4971309e-01  -9.6490841e-01  -5.6792295e-01  -9.5973869e-01  -2.1939386e-01  -6.3892511e-01  -4.3645651e-02  -8.4251078e-01  -3.0737389e-02  -4.3987585e-02  -2.0645510e-02  -5.7247087e-01  -3.8770575e-01  -1.8477935e-01  -3.9280111e-02  -3.5581223e-01  -8.0799918e-03  -1.2600216e+00
  -1.8811476e+00  -2.8887594e-01  -1.0267511e+00  -6.3066272e-01  -1.1024003e+00  -2.5969626e-01  -7.3997171e-01  -4.7665342e-02  -9.5915140e-01  -3.2721905e-02  -4.9903038e-02  -2.1958629e-02  -6.2800108e-01  -4.2885338e-01  -2.0847614e-01  -4.3917247e-02  -4.0226832e-01  -8.7006878e-03  -1.4966918e+00
  -2.0607058e+00  -3.1480839e-01  -1.0870420e+00  -7.1709860e-01  -1.2156950e+00  -2.9982085e-01  -8.8137123e-01  -5.2066398e-02  -1.0858459e+00  -3.8468965e-02  -5.2577178e-02  -2.3739929e-02  -6.9742491e-01  -4.8171707e-01  -2.3349416e-01  -4.9103446e-02  -4.3576374e-01  -1.1222061e-02  -1.5966056e+00
  -2.3697737e+00  -3.5971663e-01  -1.2773491e+00  -7.6612338e-01  -1.3623222e+00  -3.4496633e-01  -1.0222872e+00  -5.6189617e-02  -1.1782893e+00  -4.1199993e-02  -5.8179563e-02  -2.5224167e-02  -7.8999865e-01  -5.5176893e-01  -2.5612684e-01  -5.3737935e-02  -4.8779095e-01  -1.3241377e-02  -1.7766595e+00
  -2.6782220e+00  -3.9175630e-01  -1.3857866e+00  -8.1478718e-01  -1.4957247e+00  -3.9087284e-01  -1.0590329e+00  -6.2129664e-02  -1.3273249e+00  -4.7136525e-02  -6.1016078e-02  -2.8300687e-02  -8.5845770e-01  -6.0847623e-01  -2.8292624e-01  -5.8041382e-02  -5.5529634e-01  -1.4345777e-02  -1.9177155e+00
  -2.7760399e+00  -4.3346629e-01  -1.6205603e+00  -9.3293912e-01  -1.6583944e+00  -4.0891366e-01  -1.1082476e+00  -6.7387758e-02  -1.4361126e+00  -5.4029604e-02  -6.4201102e-02  -3.2041836e-02  -9.3726428e-01  -6.5374596e-01  -3.1055925e-01  -6.1902929e-02  -6.2515894e-01  -1.6154954e-02  -2.1128233e+00
  -2.9470851e+00  -4.4648000e-01  -1.7298491e+00  -1.0406883e+00  -1.8052963e+00  -4.3859038e-01  -1.2324030e+00  -7.0896543e-02  -1.5990356e+00  -5.4856167e-02  -6.9757238e-02  -3.3798912e-02  -1.0196444e+00  -7.0310042e-01  -3.3530543e-01  -6.3862031e-02  -7.0316743e-01  -1.9193010e-02  -2.2328772e+00
  -3.1823761e+00  -4.8550478e-01  -1.8328556e+00  -1.1505927e+00  -1.9212689e+00  -4.7060277e-01  -1.3979849e+00  -7.3921193e-02  -1.7436342e+00  -5.9664938e-02  -7.5010913e-02  -3.6792887e-02  -1.0796276e+00  -7.5754108e-01  -3.5107725e-01  -6.8675527e-02  -7.4945986e-01  -2.0021425e-02  -2.3889978e+00
  -3.2797737e+00  -5.0372424e-01  -2.0961261e+00  -1.2755415e+00  -2.1148599e+00  -4.9536975e-01  -1.5074488e+00  -7.7093064e-02  -1.8505388e+00  -6.5892418e-02  -7.8461882e-02  -3.8496425e-02  -1.1901051e+00  -8.1645003e-01  -3.7008276e-01  -7.1997754e-02  -8.1517511e-01  -2.1922755e-02  -2.7259267e+00
  -3.4676670e+00  -5.3913978e-01  -2.0422737e+00  -1.3799044e+00  -2.3289655e+00  -5.4064958e-01  -1.6675040e+00  -9.0776157e-02  -2.0248922e+00  -7.0013786e-02  -8.4782157e-02  -4.1248948e-02  -1.2634883e+00  -8.7191440e-01  -4.1045259e-01  -7.4787314e-02  -8.5671336e-01  -2.3864883e-02  -2.7810991e+00
  -3.6818157e+00  -5.6675125e-01  -2.1661261e+00  -1.5241662e+00  -2.4625323e+00  -5.9448545e-01  -1.7927452e+00  -9.4672809e-02  -2.1428314e+00  -7.2910346e-02  -9.0169352e-02  -4.5447440e-02  -1.3457526e+00  -9.2021282e-01  -4.3877660e-01  -7.7984151e-02  -8.8801320e-01  -2.5349047e-02  -2.9284052e+00
  -3.9331250e+00  -6.0024650e-01  -2.4034914e+00  -1.6068050e+00  -2.5581196e+00  -6.3063679e-01  -1.9665019e+00  -1.0151725e-01  -2.3083190e+00  -8.0055163e-02  -9.4872836e-02  -4.7659533e-02  -1.4340847e+00  -9.6259294e-01  -4.7405332e-01  -8.0443057e-02  -9.4652074e-01  -2.6456394e-02  -3.2050754e+00
  -4.2874488e+00  -6.2493804e-01  -2.6276616e+00  -1.6432179e+00  -2.6154418e+00  -6.9084995e-01  -2.1255563e+00  -1.1160055e-01  -2.4759941e+00  -8.3475868e-02  -1.0313790e-01  -5.0924141e-02  -1.4964901e+00  -1.0160911e+00  -4.9731058e-01  -8.3101928e-02  -1.0031223e+00  -2.8390577e-02  -3.3522845e+00
  -4.3229310e+00  -6.4794484e-01  -2.7219828e+00  -1.6735735e+00  -2.9062931e+00  -7.1225552e-01  -2.2019558e+00  -1.1820414e-01  -2.6277963e+00  -9.0806032e-02  -1.0851635e-01  -5.3271269e-02  -1.5692726e+00  -1.0600478e+00  -5.3477472e-01  -8.6851102e-02  -1.0677505e+00  -3.1110324e-02  -3.4737392e+00
  -4.6716325e+00  -6.8022074e-01  -3.0228448e+00  -1.8010735e+00  -3.1203664e+00  -7.6460399e-01  -2.4201239e+00  -1.2118623e-01  -2.7421606e+00  -9.5036811e-02  -1.1040579e-01  -5.6405455e-02  -1.6385389e+00  -1.1204236e+00  -5.5966620e-01  -9.0813799e-02  -1.1396659e+00  -3.1346772e-02  -3.9097629e+00
  -5.0119989e+00  -7.2995858e-01  -3.1506627e+00  -1.9570797e+00  -3.3160991e+00  -7.9577485e-01  -2.5581142e+00  -1.2868417e-01  -2.9104634e+00  -9.8836186e-02  -1.1416000e-01  -5.8280892e-02  -1.7241366e+00  -1.1952913e+00  -5.9344836e-01  -9.4587371e-02  -1.1866972e+00  -3.2863443e-02  -4.0288578e+00
  -5.2328772e+00  -7.4571037e-01  -3.3598869e+00  -2.0651859e+00  -3.5372144e+00  -8.4498922e-01  -2.6603233e+00  -1.3116733e-01  -3.0310533e+00  -1.0154575e-01  -1.1772081e-01  -5.9724142e-02  -1.8062224e+00  -1.2542679e+00  -6.3097576e-01  -9.7722457e-02  -1.2632880e+00  -3.3573808e-02  -4.2269504e+00
  -5.4431250e+00  -7.7572922e-01  -3.5603825e+00  -2.1767309e+00  -3.6810722e+00  -8.8141972e-01  -2.8541730e+00  -1.3965812e-01  -3.1466810e+00  -1.0378045e-01  -1.2225144e-01  -6.1147587e-02  -1.8895710e+00  -1.3163867e+00  -6.5395369e-01  -9.9972418e-02  -1.3119915e+00  -3.6060149e-02  -4.3054849e+00
  -5.6999300e+00  -8.2479930e-01  -3.6905657e+00  -2.2530038e+00  -3.8927856e+00  -9.5382745e-01  -2.9810587e+00  -1.3976874e-01  -3.2767295e+00  -1.0798910e-01  -1.2978108e-01  -6.4358620e-02  -1.9926347e+00  -1.3684146e+00  -6.7626738e-01  -1.0253854e-01  -1.3876967e+00  -3.7152079e-02  -4.3686422e+00
  -5.8384806e+00  -8.8088278e-01  -3.8373815e+00  -2.3992821e+00  -4.1528367e+00  -1.0157516e+00  -3.0777748e+00  -1.4317240e-01  -3.4282543e+00  -1.1244740e-01  -1.3768689e-01  -6.6041386e-02  -2.0956806e+00  -1.4139477e+00  -7.0019296e-01  -1.0549285e-01  -1.4454620e+00  -3.8963665e-02  -4.5475970e+00
  -6.1299246e+00  -9.2195868e-01  -4.1419612e+00  -2.5073464e+00  -4.2735884e+00  -1.0530206e+00  -3.2690234e+00  -1.5481378e-01  -3.7155846e+00  -1.1609404e-01  -1.4151324e-01  -6.9381130e-02  -2.1780220e+00  -1.4573451e+00  -7.2573171e-01  -1.0854069e-01  -1.5307274e+00  -4.0380670e-02  -4.7085668e+00
  -6.4228933e+00  -9.5258385e-01  -4.4641649e+00  -2.6385022e+00  -4.5075108e+00  -1.1064318e+00  -3.3692134e+00  -1.6722757e-01  -3.9473518e+00  -1.2159071e-01  -1.4497834e-01  -7.2937938e-02  -2.2671468e+00  -1.5285227e+00  -7.5628940e-01  -1.1087302e-01  -1.5907752e+00  -4.2569201e-02  -5.1145797e+00
  -6.5614790e+00  -1.0000000e+00  -4.6726563e+00  -2.8097077e+00  -4.7028152e+00  -1.1725397e+00  -3.5378691e+00  -1.6601377e-01  -4.1490356e+00  -1.2629592e-01  -1.5081379e-01  -7.5448282e-02  -2.3799747e+00  -1.5704381e+00  -7.8579531e-01  -1.1420444e-01  -1.6424771e+00  -4.4303452e-02  -5.2843534e+00
  -6.7601967e+00  -1.0347862e+00  -4.7134860e+00  -2.8806910e+00  -4.9343319e+00  -1.2385015e+00  -3.6565180e+00  -1.7448276e-01  -4.2883055e+00  -1.2953801e-01  -1.5654620e-01  -7.6638405e-02  -2.4825668e+00  -1.6483045e+00  -8.1770845e-01  -1.1693008e-01  -1.6987507e+00  -4.5158607e-02  -5.4962500e+00
  -7.2140894e+00  -1.0580965e+00  -4.9660937e+00  -3.0858567e+00  -5.1976428e+00  -1.2743167e+00  -3.8991218e+00  -1.8579308e-01  -4.4577990e+00  -1.3137037e-01  -1.5925241e-01  -7.8265486e-02  -2.5316026e+00  -1.7084250e+00  -8.4419307e-01  -1.1898971e-01  -1.7413975e+00  -4.5260415e-02  -5.7632866e+00
  -7.6008998e+00  -1.1067034e+00  -5.2482920e+00  -3.1940032e+00  -5.3405415e+00  -1.3208274e+00  -4.1152155e+00  -1.9399284e-01  -4.6625081e+00  -1.3525081e-01  -1.6137655e-01  -8.0464567e-02  -2.6339664e+00  -1.7606412e+00  -8.6848271e-01  -1.2041379e-01  -1.8465463e+00  -4.6885544e-02  -6.0522198e+00
  -7.8559375e+00  -1.1441103e+00  -5.4695151e+00  -3.2973451e+00  -5.5447225e+00  -1.3935756e+00  -4.2689628e+00  -1.9988963e-01  -5.0806385e+00  -1.3833100e-01  -1.6484105e-01  -8.1665649e-02  -2.7129440e+00  -1.8334203e+00  -8.9444563e-01  -1.2250713e-01  -1.8821989e+00  -4.8417737e-02  -6.2796767e+00
  -8.0348491e+00  -1.1604414e+00  -5.6200054e+00  -3.4078745e+00  -5.7165275e+00  -1.4253836e+00  -4.4898424e+00  -2.0320001e-01  -5.2617161e+00  -1.4267414e-01  -1.6691636e-01  -8.3437968e-02  -2.8042455e+00  -1.9001983e+00  -9.1667720e-01  -1.2406047e-01  -1.9253293e+00  -4.9769234e-02  -6.4817026e+00
  -8.3587823e+00  -1.1839684e+00  -5.9305226e+00  -3.4943157e+00  -5.8559860e+00  -1.4854472e+00  -4.6588497e+00  -2.1376692e-01  -5.5234564e+00  -1.4577056e-01  -1.7317241e-01  -8.5668472e-02  -2.9115447e+00  -1.9440881e+00  -9.4017927e-01  -1.2613931e-01  -1.9872562e+00  -5.0497942e-02  -6.7449353e+00
  -8.5612662e+00  -1.2151724e+00  -6.2831573e+00  -3.5641878e+00  -5.8929903e+00  -1.5316911e+00  -4.8612911e+00  -2.1654437e-01  -5.7259375e+00  -1.4955836e-01  -1.7591448e-01  -8.5881837e-02  -2.9909557e+00  -2.0041204e+00  -9.6379184e-01  -1.2780525e-01  -2.0633358e+00  -5.2482763e-02  -6.9511961e+00
  -8.8475054e+00  -1.2373242e+00  -6.6459591e+00  -3.7021592e+00  -5.9194585e+00  -1.6105839e+00  -5.0312157e+00  -2.2094936e-01  -5.9359617e+00  -1.5343714e-01  -1.7939586e-01  -8.7157445e-02  -3.1202718e+00  -2.0524296e+00  -9.8816410e-01  -1.2957714e-01  -2.0851421e+00  -5.3910544e-02  -7.0841056e+00
  -9.0957812e+00  -1.2769775e+00  -6.6203179e+00  -3.8335143e+00  -6.1562500e+00  -1.6691292e+00  -5.0673963e+00  -2.3244470e-01  -6.2393319e+00  -1.5632191e-01  -1.8205517e-01  -8.8448776e-02  -3.2009032e+00  -2.0976290e+00  -1.0130409e+00  -1.3157763e-01  -2.1945939e+00  -5.5350079e-02  -7.4152802e+00
  -9.2763955e+00  -1.2900966e+00  -6.9159752e+00  -3.9246808e+00  -6.4204445e+00  -1.7330162e+00  -5.2267511e+00  -2.3492415e-01  -6.5697333e+00  -1.5989785e-01  -1.8569655e-01  -8.8988395e-02  -3.3274104e+00  -2.1413094e+00  -1.0362718e+00  -1.3302069e-01  -2.2366305e+00  -5.6999338e-02  -7.5728556e+00
  -9.5750081e+00  -1.3548139e+00  -7.3623384e+00  -4.0039184e+00  -6.6275162e+00  -1.7778819e+00  -5.4244141e+00  -2.4179309e-01  -6.8026212e+00  -1.6424681e-01  -1.8884828e-01  -9.0075173e-02  -3.4382287e+00  -2.1955710e+00  -1.0618938e+00  -1.3398621e-01  -2.2875290e+00  -5.8165546e-02  -7.8323060e+00
  -9.9779310e+00  -1.3915862e+00  -7.7545151e+00  -4.1001387e+00  -6.8570286e+00  -1.8479452e+00  -5.6165908e+00  -2.4975725e-01  -7.0099003e+00  -1.6783297e-01  -1.9304414e-01  -9.2199896e-02  -3.5408112e+00  -2.2573629e+00  -1.0956069e+00  -1.3558621e-01  -2.3784402e+00  -5.9428942e-02  -8.2297522e+00
  -1.0291781e+01  -1.4103724e+00  -7.9545312e+00  -4.2217659e+00  -7.0256061e+00  -1.9072831e+00  -5.7813901e+00  -2.5236760e-01  -7.2396633e+00  -1.7240552e-01  -1.9649655e-01  -9.3177753e-02  -3.6416645e+00  -2.3242720e+00  -1.1227227e+00  -1.3673720e-01  -2.4641649e+00  -6.1487264e-02  -8.3377909e+00
  -1.0586148e+01  -1.4348690e+00  -8.2241649e+00  -4.4031735e+00  -7.2467430e+00  -1.9659314e+00  -5.9550849e+00  -2.5425386e-01  -7.5010964e+00  -1.7596137e-01  -2.0031724e-01  -9.4779179e-02  -3.7391539e+00  -2.4135830e+00  -1.1490731e+00  -1.3844290e-01  -2.5487103e+00  -6.2509092e-02  -8.5590302e+00
  -1.0833103e+01  -1.4662345e+00  -8.6236261e+00  -4.4776441e+00  -7.5392241e+00  -2.0380967e+00  -6.1292228e+00  -2.5976550e-01  -7.8339413e+00  -1.8022896e-01  -2.0259172e-01  -9.5798537e-02  -3.8199761e+00  -2.4698087e+00  -1.1705848e+00  -1.3994837e-01  -2.6398256e+00  -6.4050593e-02  -8.6770151e+00
  -1.1287597e+01  -1.4923863e+00  -8.9616918e+00  -4.6665383e+00  -7.8042915e+00  -2.0955866e+00  -6.3081189e+00  -2.6566227e-01  -8.1188847e+00  -1.8567448e-01  -2.0460000e-01  -9.7083035e-02  -3.9010419e+00  -2.5599318e+00  -1.2039296e+00  -1.4098016e-01  -2.6873438e+00  -6.5451965e-02  -8.7988147e+00
  -1.1633801e+01  -1.5087173e+00  -9.6121713e+00  -4.8685506e+00  -8.1049057e+00  -2.1656553e+00  -6.4670946e+00  -2.6805538e-01  -8.3296282e+00  -1.8916980e-01  -2.0740275e-01  -9.8744586e-02  -3.9662232e+00  -2.6288310e+00  -1.2218993e+00  -1.4189695e-01  -2.7424596e+00  -6.7332406e-02  -9.0218966e+00
  -1.1965603e+01  -1.5279035e+00  -9.9840248e+00  -4.9936773e+00  -8.2369747e+00  -2.2130758e+00  -6.6192134e+00  -2.7080449e-01  -8.5979741e+00  -1.9134139e-01  -2.1000105e-01  -1.0005556e-01  -4.0540827e+00  -2.6975625e+00  -1.2513090e+00  -1.4288494e-01  -2.8284516e+00  -6.9855431e-02  -9.2122414e+00
  -1.2225628e+01  -1.5528745e+00  -1.0290571e+01  -5.1055334e+00  -8.5444423e+00  -2.2606620e+00  -6.7503085e+00  -2.7770167e-01  -8.8621686e+00  -1.9544698e-01  -2.1220276e-01  -1.0127723e-01  -4.1566495e+00  -2.7600056e+00  -1.2728772e+00  -1.4455751e-01  -2.8519531e+00  -7.0857807e-02  -9.4783836e+00
  -1.2517508e+01  -1.5768718e+00  -1.0951142e+01  -5.3066541e+00  -8.7841703e+00  -2.3047447e+00  -6.8587965e+00  -2.8424453e-01  -9.1750027e+00  -1.9732372e-01  -2.1569793e-01  -1.0260511e-01  -4.2534181e+00  -2.8286446e+00  -1.2966896e+00  -1.4670068e-01  -2.9494248e+00  -7.2076448e-02  -9.5480603e+00
  -1.2801350e+01  -1.6032276e+00  -1.1220469e+01  -5.4250404e+00  -9.0090032e+00  -2.3236140e+00  -6.9603664e+00  -2.8589528e-01  -9.4297171e+00  -2.0239723e-01  -2.1814069e-01  -1.0416920e-01  -4.3391477e+00  -2.9144003e+00  -1.3209628e+00  -1.4876999e-01  -3.0364305e+00  -7.3186204e-02  -9.7065302e+00
  -1.3017672e+01  -1.6324055e+00  -1.1363211e+01  -5.6136436e+00  -9.2625269e+00  -2.3601105e+00  -7.2149246e+00  -2.9957515e-01  -9.7080307e+00  -2.1302620e-01  -2.2076138e-01  -1.0585044e-01  -4.4602911e+00  -2.9767890e+00  -1.3400436e+00  -1.4935623e-01  -3.1570892e+00  -7.4276975e-02  -1.0074364e+01
  -1.3389693e+01  -1.6517931e+00  -1.1671568e+01  -5.7769922e+00  -9.5356358e+00  -2.4199906e+00  -7.5019666e+00  -3.0596047e-01  -9.9801401e+00  -2.1962481e-01  -2.2302483e-01  -1.0794207e-01  -4.5252701e+00  -3.0521799e+00  -1.3593073e+00  -1.5079173e-01  -3.1824488e+00  -7.5457248e-02  -1.0229429e+01
  -1.3852672e+01  -1.6700869e+00  -1.1919596e+01  -5.9673128e+00  -9.8844989e+00  -2.5134867e+00  -7.7048074e+00  -3.0811874e-01  -1.0344582e+01  -2.2495722e-01  -2.2565941e-01  -1.0893858e-01  -4.5905785e+00  -3.1250382e+00  -1.3772552e+00  -1.5265608e-01  -3.2663429e+00  -7.7176903e-02  -1.0442974e+01
  -1.4158842e+01  -1.7057049e+00  -1.2160199e+01  -6.1227196e+00  -1.0117734e+01  -2.5616369e+00  -7.8201152e+00  -3.1093052e-01  -1.0626328e+01  -2.2950895e-01  -2.2946620e-01  -1.0998161e-01  -4.6537093e+00  -3.1839765e+00  -1.3949931e+00  -1.5359930e-01  -3.3391716e+00  -7.8183094e-02  -1.0605765e+01
  -1.4509256e+01  -1.7288166e+00  -1.2431530e+01  -6.2748491e+00  -1.0328798e+01  -2.6462833e+00  -7.9375687e+00  -3.1317368e-01  -1.0946557e+01  -2.2671171e-01  -2.3237104e-01  -1.1040000e-01  -4.7187811e+00  -3.2508454e+00  -1.4125104e+00  -1.5518116e-01  -3.4151758e+00  -8.0295768e-02  -1.0838200e+01
  -1.4709507e+01  -1.7505187e+00  -1.2660916e+01  -6.3960830e+00  -1.0579386e+01  -2.7075195e+00  -8.0496255e+00  -3.1567450e-01  -1.1195267e+01  -2.3240274e-01  -2.3450483e-01  -1.1130671e-01  -4.7798825e+00  -3.3301224e+00  -1.4297379e+00  -1.5607338e-01  -3.5087837e+00  -8.2495864e-02  -1.1035744e+01
  -1.4824079e+01  -1.7724828e+00  -1.2905560e+01  -6.5381237e+00  -1.0696527e+01  -2.7670366e+00  -8.1803300e+00  -3.2299586e-01  -1.1494620e+01  -2.3674621e-01  -2.3706483e-01  -1.1277795e-01  -4.8449886e+00  -3.3990787e+00  -1.4467242e+00  -1.5669456e-01  -3.5957799e+00  -8.3734878e-02  -1.1466002e+01
  -1.5269911e+01  -1.7942483e+00  -1.3219822e+01  -6.7326064e+00  -1.0846751e+01  -2.8600926e+00  -8.3545797e+00  -3.3291588e-01  -1.1733949e+01  -2.3903940e-01  -2.3884951e-01  -1.1306265e-01  -4.9370760e+00  -3.4574901e+00  -1.4693656e+00  -1.5733676e-01  -3.6792282e+00  -8.4356758e-02  -1.1896067e+01
  -1.5668459e+01  -1.8117848e+00  -1.3629397e+01  -6.9280145e+00  -1.1169852e+01  -2.9106701e+00  -8.5174178e+00  -3.3737103e-01  -1.2011527e+01  -2.4116969e-01  -2.3890124e-01  -1.1411454e-01  -5.0109161e+00  -3.5165908e+00  -1.4854897e+00  -1.5822028e-01  -3.7600347e+00  -8.5146316e-02  -1.2206692e+01
  -1.6100770e+01  -1.8363807e+00  -1.4164370e+01  -7.0513416e+00  -1.1560075e+01  -3.0378101e+00  -8.7006034e+00  -3.4260832e-01  -1.2260458e+01  -2.4347501e-01  -2.3986731e-01  -1.1432749e-01  -5.0729132e+00  -3.5708577e+00  -1.5012138e+00  -1.5890588e-01  -3.8159759e+00  -8.6386492e-02  -1.2607306e+01
  -1.6391977e+01  -1.8617986e+00  -1.4630356e+01  -7.2102074e+00  -1.1907616e+01  -3.1262069e+00  -8.9809133e+00  -3.4592650e-01  -1.2517355e+01  -2.4550028e-01  -2.4122620e-01  -1.1611035e-01  -5.1451556e+00  -3.6302116e+00  -1.5196414e+00  -1.5950256e-01  -3.8801313e+00  -8.7999994e-02  -1.2795668e+01
  -1.6868545e+01  -1.8804884e+00  -1.5282662e+01  -7.2985668e+00  -1.2205431e+01  -3.2159449e+00  -9.3039480e+00  -3.4879282e-01  -1.2832861e+01  -2.4792181e-01  -2.4206896e-01  -1.1666207e-01  -5.2168895e+00  -3.7018509e+00  -1.5336138e+00  -1.6004964e-01  -3.9596377e+00  -8.9682754e-02  -1.3019009e+01
  -1.7133373e+01  -1.9049353e+00  -1.5648195e+01  -7.4507866e+00  -1.2401692e+01  -3.3036961e+00  -9.5576209e+00  -3.4982836e-01  -1.3215162e+01  -2.5474481e-01  -2.4375448e-01  -1.1747272e-01  -5.2798188e+00  -3.8176441e+00  -1.5476276e+00  -1.6093677e-01  -4.0366992e+00  -9.2435195e-02  -1.3475582e+01
  -1.7443586e+01  -1.9255842e+00  -1.5851751e+01  -7.6397522e+00  -1.2558526e+01  -3.3961928e+00  -9.7061540e+00  -3.5843889e-01  -1.3591455e+01  -2.5884963e-01  -2.4502345e-01  -1.1835116e-01  -5.3356775e+00  -3.8839142e+00  -1.5615862e+00  -1.6164258e-01  -4.0941245e+00  -9.3689107e-02  -1.3782705e+01
  -1.7962400e+01  -1.9356822e+00  -1.6280544e+01  -7.7665665e+00  -1.2902856e+01  -3.5135446e+00  -9.9234604e+00  -3.6538671e-01  -1.3865224e+01  -2.6456274e-01  -2.4731449e-01  -1.1906161e-01  -5.4094881e+00  -3.9424234e+00  -1.5750759e+00  -1.6228689e-01  -4.1627583e+00  -9.4642184e-02  -1.4031282e+01
  -1.8371847e+01  -1.9535267e+00  -1.6750431e+01  -7.9370488e+00  -1.3273621e+01  -3.5962483e+00  -1.0166114e+01  -3.7275727e-01  -1.4189973e+01  -2.6791170e-01  -2.4968000e-01  -1.1989361e-01  -5.4814947e+00  -3.9999694e+00  -1.5880414e+00  -1.6488827e-01  -4.2300125e+00  -9.5690792e-02  -1.4340884e+01
  -1.8931940e+01  -1.9707297e+00  -1.7091460e+01  -8.0680563e+00  -1.3520779e+01  -3.6548690e+00  -1.0458075e+01  -3.8129769e-01  -1.4535474e+01  -2.7161101e-01  -2.5134066e-01  -1.2061573e-01  -5.5554254e+00  -4.0599966e+00  -1.6004690e+00  -1.6729379e-01  -4.3051509e+00  -9.6614367e-02  -1.4543222e+01
  -1.9477500e+01  -1.9902089e+00  -1.7654844e+01  -8.1322212e+00  -1.3943677e+01  -3.7172414e+00  -1.0679367e+01  -3.9098035e-01  -1.4913303e+01  -2.7521377e-01  -2.5331475e-01  -1.2137884e-01  -5.6206363e+00  -4.1292544e+00  -1.6123173e+00  -1.7035034e-01  -4.3813261e+00  -9.7564474e-02  -1.5074634e+01
  -1.9838551e+01  -2.0162668e+00  -1.8048982e+01  -8.4048289e+00  -1.4197685e+01  -3.7807809e+00  -1.0956079e+01  -3.9757762e-01  -1.5144981e+01  -2.8095722e-01  -2.5477458e-01  -1.2224939e-01  -5.6818894e+00  -4.1937958e+00  -1.6235311e+00  -1.7163862e-01  -4.5659308e+00  -9.8450944e-02  -1.5414655e+01
  -2.0107559e+01  -2.0375929e+00  -1.8540582e+01  -8.5939871e+00  -1.4466350e+01  -3.8259777e+00  -1.1114474e+01  -3.9771521e-01  -1.5479087e+01  -2.8514757e-01  -2.5583562e-01  -1.2292414e-01  -5.7440561e+00  -4.2535491e+00  -1.6341517e+00  -1.7320827e-01  -4.6350343e+00  -9.9503442e-02  -1.5684688e+01
  -2.0405792e+01  -2.0566992e+00  -1.9085086e+01  -8.7559739e+00  -1.4700094e+01  -3.8835422e+00  -1.1206632e+01  -3.9793226e-01  -1.5843421e+01  -2.8799170e-01  -2.5714483e-01  -1.2375173e-01  -5.8001802e+00  -4.3099113e+00  -1.6441380e+00  -1.7472679e-01  -4.8384887e+00  -1.0024827e-01  -1.6046541e+01
  -2.0799054e+01  -2.0575306e+00  -1.9524310e+01  -8.9232839e+00  -1.4911511e+01  -3.9550670e+00  -1.1347565e+01  -4.0148678e-01  -1.6268877e+01  -2.9138481e-01  -2.5903600e-01  -1.2424828e-01  -5.8561001e+00  -4.3638795e+00  -1.6536001e+00  -1.7478606e-01  -4.9312850e+00  -1.0083667e-01  -1.6282457e+01
  -2.1109165e+01  -2.0666764e+00  -1.9887904e+01  -9.1082772e+00  -1.5247707e+01  -4.0242831e+00  -1.1592399e+01  -4.0639229e-01  -1.6518316e+01  -2.9517792e-01  -2.5992593e-01  -1.2471724e-01  -5.9072069e+00  -4.4086219e+00  -1.6627173e+00  -1.7628414e-01  -5.0179243e+00  -1.0155001e-01  -1.6599817e+01
  -2.1307123e+01  -2.0731345e+00  -2.0222085e+01  -9.2838631e+00  -1.5487584e+01  -4.0883025e+00  -1.1758141e+01  -4.0889677e-01  -1.6774469e+01  -2.9771860e-01  -2.6049958e-01  -1.2537664e-01  -5.9583686e+00  -4.4505018e+00  -1.6713932e+00  -1.7803035e-01  -5.1087453e+00  -1.0228741e-01  -1.6987220e+01
  -2.1777163e+01  -2.0922064e+00  -2.0602258e+01  -9.5044141e+00  -1.5751072e+01  -4.1674946e+00  -1.1935632e+01  -4.1760131e-01  -1.7090092e+01  -3.0148412e-01  -2.6128289e-01  -1.2564621e-01  -6.0136222e+00  -4.4963002e+00  -1.6796828e+00  -1.8005793e-01  -5.1997548e+00  -1.0325716e-01  -1.7197543e+01
  -2.2089574e+01  -2.1167809e+00  -2.0828233e+01  -9.5892969e+00  -1.5985159e+01  -4.2087338e+00  -1.2029851e+01  -4.1784661e-01  -1.7364879e+01  -3.0501791e-01  -2.6214496e-01  -1.2552265e-01  -6.0688359e+00  -4.5455137e+00  -1.6875862e+00  -1.8132138e-01  -5.2832429e+00  -1.0406181e-01  -1.7277295e+01
  -2.2348122e+01  -2.1198291e+00  -2.1275356e+01  -9.7698491e+00  -1.6250368e+01  -4.2577019e+00  -1.2139805e+01  -4.1792965e-01  -1.7687985e+01  -3.0975998e-01  -2.6296276e-01  -1.2582820e-01  -6.1236828e+00  -4.5858050e+00  -1.6951449e+00  -1.8352828e-01  -5.3648774e+00  -1.0706284e-01  -1.7561541e+01
  -2.2698860e+01  -2.1213702e+00  -2.1696422e+01  -9.9942080e+00  -1.6501886e+01  -4.3107723e+00  -1.2349304e+01  -4.1967542e-01  -1.7990252e+01  -3.1278067e-01  -2.6440690e-01  -1.2606897e-01  -6.1774212e+00  -4.6308555e+00  -1.7023863e+00  -1.8478621e-01  -5.4368110e+00  -1.0766957e-01  -1.7821649e+01
  -2.2989496e+01  -2.1238766e+00  -2.2181110e+01  -1.0134155e+01  -1.6798510e+01  -4.3608393e+00  -1.2534810e+01  -4.1926289e-01  -1.8277710e+01  -3.1433653e-01  -2.6487256e-01  -1.2667587e-01  -6.2296456e+00  -4.6769700e+00  -1.7092828e+00  -1.8673629e-01  -5.5153967e+00  -1.0805813e-01  -1.8208136e+01
  -2.3437934e+01  -2.1247689e+00  -2.2676568e+01  -1.0289253e+01  -1.7261495e+01  -4.4098761e+00  -1.2711817e+01  -4.2130425e-01  -1.8602951e+01  -3.1818205e-01  -2.6536045e-01  -1.2692414e-01  -6.2892294e+00  -4.7275833e+00  -1.7159035e+00  -1.8715961e-01  -5.6000862e+00  -1.0861242e-01  -1.8700269e+01
  -2.3869135e+01  -2.1335218e+00  -2.3276810e+01  -1.0432303e+01  -1.7512691e+01  -4.4612776e+00  -1.2878153e+01  -4.2738695e-01  -1.8918214e+01  -3.2095446e-01  -2.6590204e-01  -1.2708965e-01  -6.3409900e+00  -4.7663330e+00  -1.7222069e+00  -1.8755619e-01  -5.6840396e+00  -1.0968000e-01  -1.8976767e+01
  -2.4096277e+01  -2.1425458e+00  -2.3865824e+01  -1.0591513e+01  -1.7770927e+01  -4.5051064e+00  -1.3098319e+01  -4.3052859e-01  -1.9238336e+01  -3.2307033e-01  -2.6604007e-01  -1.2739311e-01  -6.3894661e+00  -4.8056198e+00  -1.7282483e+00  -1.8786284e-01  -5.7633930e+00  -1.1092707e-01  -1.9354558e+01
  -2.4397441e+01  -2.1538969e+00  -2.3940797e+01  -1.0701635e+01  -1.8059596e+01  -4.5616590e+00  -1.3329324e+01  -4.3438729e-01  -1.9654286e+01  -3.2470344e-01  -2.6605964e-01  -1.2755862e-01  -6.4377568e+00  -4.8454798e+00  -1.7340276e+00  -1.8814182e-01  -5.8375061e+00  -1.1152206e-01  -1.9674925e+01
  -2.4769270e+01  -2.1639828e+00  -2.4215523e+01  -1.0843750e+01  -1.8276255e+01  -4.5916935e+00  -1.3556350e+01  -4.3679975e-01  -1.9947046e+01  -3.2607448e-01  -2.6606743e-01  -1.2775172e-01  -6.4867674e+00  -4.8885953e+00  -1.7413938e+00  -1.8841419e-01  -5.9245737e+00  -1.1350621e-01  -2.0141131e+01
