   0.0000000e+00   0.0000000e+00   0.0000000e+00   0.0000000e+00   0.0000000e+00   0.0000000e+00   0.0000000e+00   0.0000000e+00   0.0000000e+00   0.0000000e+00   0.0000000e+00   0.0000000e+00   0.0000000e+00   0.0000000e+00   0.0000000e+00   0.0000000e+00   0.0000000e+00   0.0000000e+00   0.0000000e+00
   2.8451064e-01   3.9654029e-02   2.4196457e-01   1.1162035e-01   1.9986270e-01   4.4576651e-02   1.0159561e-01   8.5940802e-03   1.2826896e-01   7.4080133e-03   8.0647468e-03   3.7508552e-03   7.9516010e-02   6.2842111e-02   2.7587504e-02   8.8780293e-03   8.1856239e-02   5.3964373e-03   3.3805323e-01
   5.5277272e-01   7.5062332e-02   3.8066483e-01   1.9247467e-01   3.6560170e-01   7.6496988e-02   1.9541008e-01   1.3867838e-02   2.2215797e-01   1.3360051e-02   1.3923221e-02   6.1493460e-03   1.3040543e-01   9.2047088e-02   4.9529839e-02   1.6992083e-02   1.6396933e-01   6.6589936e-03   6.6486234e-01
   6.9603587e-01   1.0627072e-01   5.7014683e-01   3.0376364e-01   5.2155887e-01   1.0514239e-01   2.8645953e-01   1.8131669e-02   3.8425724e-01   2.0770353e-02   1.8043249e-02   8.7654565e-03   2.0011610e-01   1.5887369e-01   6.2259454e-02   2.4553518e-02   2.3915789e-01   8.7880033e-03   9.5868666e-01
   8.2765207e-01   1.2593369e-01   7.6174284e-01   3.9015624e-01   6.7018926e-01   1.3013765e-01   3.7451874e-01   2.2869290e-02   5.2378812e-01   2.6891752e-02   2.0708437e-02   1.1817487e-02   2.5618795e-01   2.0512536e-01   9.6061345e-02   2.9855280e-02   3.0339486e-01   1.1001537e-02   1.2373591e+00
   1.0223201e+00   1.5001389e-01   9.1051364e-01   4.6344025e-01   8.1560726e-01   1.5832097e-01   4.5849734e-01   2.7611312e-02   6.3689169e-01   3.2558763e-02   2.5191899e-02   1.4773579e-02   3.0210682e-01   2.5231766e-01   1.0891838e-01   3.4630300e-02   3.7004320e-01   1.2793406e-02   1.5143976e+00
   1.1537264e+00   1.7223428e-01   1.0512130e+00   5.4701186e-01   9.4312104e-01   1.9213761e-01   5.1449531e-01   3.0893046e-02   7.2255148e-01   3.7284529e-02   3.1010419e-02   1.5702339e-02   3.3640977e-01   2.6294308e-01   1.1447658e-01   3.9512939e-02   4.3400822e-01   1.4373825e-02   1.7622262e+00
   1.2874474e+00   1.9278865e-01   1.1886662e+00   6.4728533e-01   1.0886047e+00   2.3387508e-01   5.8500423e-01   3.6427572e-02   8.0012814e-01   4.2150589e-02   3.6623656e-02   1.6962821e-02   3.8226908e-01   3.0111162e-01   1.2525791e-01   4.5274477e-02   5.0327926e-01   1.4896603e-02   1.9866180e+00
   1.4268575e+00   2.2548005e-01   1.3109955e+00   7.4576448e-01   1.2346290e+00   2.8044950e-01   6.7475312e-01   4.3952117e-02   8.9240210e-01   4.8111683e-02   4.0774081e-02   1.8284372e-02   4.3028104e-01   3.2978742e-01   1.4440745e-01   5.0164408e-02   5.6201489e-01   1.6749589e-02   2.2274955e+00
   1.6068311e+00   2.6194973e-01   1.4762971e+00   8.5260869e-01   1.3771704e+00   3.2433842e-01   7.8161082e-01   4.7747369e-02   9.8499599e-01   5.3194187e-02   4.3990456e-02   1.9854641e-02   4.7768706e-01   3.4852324e-01   1.6442758e-01   5.4468219e-02   6.2341828e-01   1.8945370e-02   2.5163068e+00
   1.7787344e+00   2.8689121e-01   1.5981840e+00   9.4827691e-01   1.5180244e+00   3.6966687e-01   8.7038275e-01   5.4120747e-02   1.0703186e+00   5.8704679e-02   4.5362249e-02   2.1081576e-02   5.3136593e-01   3.7589355e-01   1.8524664e-01   5.7751974e-02   6.8211548e-01   2.0510842e-02   2.7952765e+00
   1.9615877e+00   3.1179654e-01   1.7466324e+00   1.0459590e+00   1.6641258e+00   4.1391182e-01   9.6034543e-01   6.0523585e-02   1.1616152e+00   6.3948449e-02   4.7763620e-02   2.2209384e-02   5.8730408e-01   4.0468555e-01   2.0172665e-01   6.0661439e-02   7.3466159e-01   2.0559174e-02   2.9951853e+00
   2.2281276e+00   3.4581390e-01   1.9378155e+00   1.1396792e+00   1.8468688e+00   4.5899205e-01   1.0415585e+00   6.4355257e-02   1.2559317e+00   6.9309041e-02   5.0186786e-02   2.3811962e-02   6.6613901e-01   4.4670387e-01   2.2507348e-01   6.4464377e-02   7.9736566e-01   1.9990398e-02   3.1844971e+00
   2.4944478e+00   3.7081208e-01   2.1150187e+00   1.2395812e+00   2.0244853e+00   5.1410492e-01   1.1468262e+00   6.9474534e-02   1.3600259e+00   7.2649164e-02   5.1352021e-02   2.4886692e-02   7.1570499e-01   4.7936043e-01   2.3577517e-01   6.8727105e-02   8.5901889e-01   1.9779816e-02   3.4100159e+00
   2.7184265e+00   3.9423839e-01   2.3004896e+00   1.3410316e+00   2.2000484e+00   5.6783996e-01   1.2563064e+00   7.5526985e-02   1.4772538e+00   7.8179599e-02   5.2755963e-02   2.6546017e-02   7.8907672e-01   5.1910831e-01   2.5026830e-01   7.1010279e-02   9.1586675e-01   1.9621680e-02   3.6100969e+00
   2.9000172e+00   4.2743352e-01   2.5144382e+00   1.4592901e+00   2.3933572e+00   6.1803453e-01   1.3880450e+00   8.2733806e-02   1.6260154e+00   8.3431710e-02   5.6042334e-02   2.8240645e-02   8.5754093e-01   5.6264700e-01   2.6471523e-01   7.3731026e-02   9.7962022e-01   1.8898583e-02   3.8468349e+00
   3.0675350e+00   4.5394679e-01   2.6542752e+00   1.5626428e+00   2.5500441e+00   6.6160538e-01   1.5159677e+00   8.8625782e-02   1.7543675e+00   8.8878578e-02   5.8301570e-02   2.9357142e-02   9.1385416e-01   5.9855792e-01   2.7813495e-01   7.6274161e-02   1.0251619e+00   1.9710159e-02   4.0380743e+00
   3.2158651e+00   4.7636932e-01   2.8295819e+00   1.6555100e+00   2.7095427e+00   7.0746269e-01   1.6403075e+00   9.4491027e-02   1.8827520e+00   9.3206862e-02   6.0433776e-02   3.0799087e-02   9.7528296e-01   6.2270962e-01   2.9466888e-01   7.8713229e-02   1.0835325e+00   2.1226490e-02   4.2441092e+00
   3.4013950e+00   5.0387132e-01   3.0110306e+00   1.7338835e+00   2.8412063e+00   7.4810879e-01   1.7645493e+00   9.9346218e-02   1.9902439e+00   9.8125936e-02   6.2952148e-02   3.1938396e-02   1.0327680e+00   6.5923498e-01   3.1532648e-01   8.0967720e-02   1.1418964e+00   2.2385421e-02   4.4571479e+00
   3.5782628e+00   5.1911925e-01   3.1991560e+00   1.8193367e+00   2.9895094e+00   7.9103449e-01   1.8952020e+00   1.0434983e-01   2.0963821e+00   1.0258303e-01   6.5424579e-02   3.2941655e-02   1.0955073e+00   6.9230079e-01   3.3876745e-01   8.2742664e-02   1.1923266e+00   2.3377996e-02   4.6547650e+00
   3.7969871e+00   5.2456315e-01   3.3744017e+00   1.8867271e+00   3.1319790e+00   8.3725697e-01   2.0069631e+00   1.0723627e-01   2.1954923e+00   1.0634338e-01   6.6970013e-02   3.3675643e-02   1.1674199e+00   7.3824918e-01   3.6061622e-01   8.5122432e-02   1.2401173e+00   2.4672631e-02   4.8465213e+00
   4.0009157e+00   5.4663018e-01   3.5338049e+00   1.9474046e+00   3.2718940e+00   8.7779540e-01   2.1310640e+00   1.0869225e-01   2.3053546e+00   1.1096857e-01   6.7957415e-02   3.4020424e-02   1.2156747e+00   7.6711795e-01   3.6996601e-01   8.6466172e-02   1.2869992e+00   2.5099502e-02   5.0273860e+00
   4.2411583e+00   5.6771535e-01   3.6969403e+00   2.0483905e+00   3.4280943e+00   9.2420153e-01   2.2673302e+00   1.1356601e-01   2.4251856e+00   1.1482909e-01   7.0205203e-02   3.5119969e-02   1.2796192e+00   8.1221924e-01   3.8795980e-01   8.8369490e-02   1.3293641e+00   2.5822159e-02   5.2093471e+00
   4.4816119e+00   5.8544917e-01   3.9183384e+00   2.1537117e+00   3.5943177e+00   9.7235295e-01   2.3988567e+00   1.1894547e-01   2.5492045e+00   1.1849687e-01   7.1941627e-02   3.5639140e-02   1.3314756e+00   8.5193552e-01   4.0530295e-01   8.9906943e-02   1.3820818e+00   2.6306796e-02   5.4347099e+00
   4.7183129e+00   6.0198207e-01   4.0854563e+00   2.2488282e+00   3.7581053e+00   1.0191130e+00   2.5420466e+00   1.2259408e-01   2.6729611e+00   1.2200805e-01   7.3805507e-02   3.6299241e-02   1.3968288e+00   8.8718992e-01   4.2602603e-01   9.0542734e-02   1.4223011e+00   2.7240168e-02   5.6124433e+00
   4.8967130e+00   6.1649827e-01   4.2896094e+00   2.3478044e+00   3.9162565e+00   1.0702034e+00   2.6815607e+00   1.2653668e-01   2.8120211e+00   1.2541228e-01   7.5404431e-02   3.6868102e-02   1.4656105e+00   9.3947153e-01   4.3984087e-01   9.1707757e-02   1.4699666e+00   2.7913305e-02   5.7500878e+00
   5.0451237e+00   6.2067385e-01   4.4722448e+00   2.4537057e+00   4.0753014e+00   1.1153346e+00   2.8233415e+00   1.2991429e-01   2.9885314e+00   1.3001336e-01   7.6699377e-02   3.8003662e-02   1.5367752e+00   9.8773307e-01   4.5633540e-01   9.2298932e-02   1.5211463e+00   2.8986561e-02   5.9601532e+00
   5.2163362e+00   6.3471989e-01   4.6841882e+00   2.5472536e+00   4.2318766e+00   1.1700290e+00   2.9529436e+00   1.3374761e-01   3.1503847e+00   1.3315688e-01   7.7918277e-02   3.8200701e-02   1.5892694e+00   1.0167649e+00   4.7441338e-01   9.3438475e-02   1.5621934e+00   2.9125094e-02   6.1235075e+00
   5.3964564e+00   6.4307632e-01   4.9295207e+00   2.6728314e+00   4.3943945e+00   1.2281564e+00   3.0972731e+00   1.3722856e-01   3.3090405e+00   1.3656321e-01   7.9895028e-02   3.8584576e-02   1.6443875e+00   1.0429811e+00   4.8891260e-01   9.4577711e-02   1.6168805e+00   2.9313320e-02   6.3340308e+00
   5.5582291e+00   6.5062658e-01   5.1414554e+00   2.7849116e+00   4.5312585e+00   1.2807860e+00   3.2390667e+00   1.3937120e-01   3.4537302e+00   1.3926265e-01   8.1024196e-02   3.8746121e-02   1.6889772e+00   1.0698178e+00   5.0510259e-01   9.5114291e-02   1.6663666e+00   2.9315593e-02   6.5116140e+00
   5.7912095e+00   6.5990727e-01   5.3317645e+00   2.8858159e+00   4.6486499e+00   1.3418186e+00   3.3917535e+00   1.4135919e-01   3.6087560e+00   1.4279510e-01   8.2711949e-02   3.8661348e-02   1.7487707e+00   1.1027475e+00   5.2261469e-01   9.5931062e-02   1.7112208e+00   2.9413605e-02   6.7384023e+00
   5.9683535e+00   6.7163665e-01   5.5499952e+00   2.9886662e+00   4.7932688e+00   1.4020762e+00   3.5430683e+00   1.4393171e-01   3.7639736e+00   1.4616536e-01   8.3893702e-02   3.8474524e-02   1.7985336e+00   1.1224850e+00   5.3983621e-01   9.7140275e-02   1.7495793e+00   2.9813542e-02   6.9601564e+00
   6.0830899e+00   6.8070144e-01   5.7983565e+00   3.0864111e+00   4.9406965e+00   1.4587878e+00   3.7075155e+00   1.4773865e-01   3.9467297e+00   1.4962763e-01   8.5164566e-02   3.9014778e-02   1.8670485e+00   1.1792436e+00   5.5552458e-01   9.8046560e-02   1.8008412e+00   3.0662354e-02   7.1597733e+00
   6.1883677e+00   6.8494918e-01   5.9929429e+00   3.1956300e+00   5.0866209e+00   1.5073478e+00   3.8627566e+00   1.5113364e-01   4.0996627e+00   1.5209608e-01   8.5702772e-02   3.9173424e-02   1.9084744e+00   1.2002225e+00   5.7223988e-01   9.8675860e-02   1.8413816e+00   3.1596003e-02   7.3393901e+00
   6.3882795e+00   6.9721377e-01   6.2143118e+00   3.3022778e+00   5.2606989e+00   1.5706687e+00   4.0436821e+00   1.5565599e-01   4.2291582e+00   1.5490952e-01   8.6756344e-02   3.9472959e-02   1.9654306e+00   1.2318865e+00   5.9254063e-01   9.9039348e-02   1.8754124e+00   3.2282172e-02   7.5377746e+00
   6.5149909e+00   7.0698357e-01   6.4417214e+00   3.4023265e+00   5.4236970e+00   1.6349807e+00   4.2205393e+00   1.5984851e-01   4.3789692e+00   1.5741971e-01   8.7532619e-02   3.9751521e-02   2.0301082e+00   1.2706714e+00   6.1038931e-01   9.9596754e-02   1.9109101e+00   3.2884014e-02   7.7619751e+00
   6.6993614e+00   7.1710106e-01   6.6283587e+00   3.5009968e+00   5.5708231e+00   1.6999563e+00   4.3960021e+00   1.6386662e-01   4.5564949e+00   1.5964993e-01   8.7563835e-02   3.9703041e-02   2.0772237e+00   1.3016517e+00   6.2324766e-01   9.9983105e-02   1.9531340e+00   3.2697357e-02   7.9401298e+00
   6.9039595e+00   7.2324570e-01   6.8178758e+00   3.6193730e+00   5.7076676e+00   1.7529427e+00   4.5684877e+00   1.6700744e-01   4.7530217e+00   1.6181426e-01   8.7750787e-02   3.9917241e-02   2.1323699e+00   1.3325945e+00   6.3384734e-01   1.0056625e-01   1.9839843e+00   3.2438873e-02   8.1526149e+00
   7.1164458e+00   7.2635386e-01   7.0730348e+00   3.7436479e+00   5.8591451e+00   1.8036710e+00   4.7437437e+00   1.6906186e-01   4.9250247e+00   1.6477923e-01   8.7974282e-02   4.0280909e-02   2.2017501e+00   1.3822117e+00   6.5643778e-01   1.0099050e-01   2.0202678e+00   3.3163089e-02   8.3398022e+00
   7.3099220e+00   7.3288953e-01   7.2846894e+00   3.8453624e+00   5.9780137e+00   1.8489737e+00   4.9072597e+00   1.7057541e-01   5.0753055e+00   1.6680490e-01   8.8614871e-02   3.9949069e-02   2.2508354e+00   1.4157438e+00   6.7383968e-01   1.0136326e-01   2.0650916e+00   3.4122289e-02   8.5114111e+00
   7.4684293e+00   7.3382026e-01   7.4568630e+00   3.9346845e+00   6.1134303e+00   1.9049207e+00   5.0559970e+00   1.7387679e-01   5.2155824e+00   1.6898733e-01   8.9754108e-02   4.0075423e-02   2.2928115e+00   1.4470852e+00   6.8848521e-01   1.0156765e-01   2.0972811e+00   3.5159794e-02   8.7425115e+00
   7.6802548e+00   7.3713595e-01   7.7455213e+00   4.0567684e+00   6.2699437e+00   1.9599893e+00   5.2059556e+00   1.7635133e-01   5.3545827e+00   1.7147946e-01   9.0530419e-02   3.9977061e-02   2.3411140e+00   1.4673211e+00   7.0382165e-01   1.0206858e-01   2.1352715e+00   3.6433261e-02   8.9877047e+00
   7.8646559e+00   7.4199928e-01   7.9994810e+00   4.1827756e+00   6.4302543e+00   2.0152916e+00   5.3383158e+00   1.7748655e-01   5.4933217e+00   1.7351207e-01   9.1170558e-02   3.9716030e-02   2.3796283e+00   1.4894213e+00   7.1338800e-01   1.0245733e-01   2.1765516e+00   3.7194008e-02   9.1986654e+00
   7.9708861e+00   7.4862890e-01   8.2908335e+00   4.2973033e+00   6.5842154e+00   2.0684163e+00   5.5095803e+00   1.8034477e-01   5.6746597e+00   1.7562900e-01   9.1708334e-02   3.9671839e-02   2.4373555e+00   1.5256554e+00   7.2873173e-01   1.0309328e-01   2.2244663e+00   3.6894754e-02   9.4222733e+00
   8.1252777e+00   7.5056848e-01   8.5470367e+00   4.4135738e+00   6.7177277e+00   2.1249555e+00   5.6857762e+00   1.8364316e-01   5.8279462e+00   1.7800855e-01   9.2408931e-02   3.9569202e-02   2.4779858e+00   1.5522403e+00   7.4265192e-01   1.0331166e-01   2.2675574e+00   3.7219779e-02   9.7271141e+00
   8.2762031e+00   7.5374641e-01   8.8265157e+00   4.5179305e+00   6.8470445e+00   2.1860294e+00   5.8615972e+00   1.8785484e-01   6.0074351e+00   1.7985747e-01   9.3211793e-02   3.9291493e-02   2.5245774e+00   1.5878729e+00   7.5599087e-01   1.0352981e-01   2.3080836e+00   3.6811269e-02   9.9619837e+00
   8.4482690e+00   7.5979730e-01   9.1129683e+00   4.6071523e+00   6.9740234e+00   2.2417707e+00   6.0481881e+00   1.9108105e-01   6.1631516e+00   1.8158300e-01   9.3391530e-02   3.8966799e-02   2.5656612e+00   1.6180576e+00   7.7103608e-01   1.0350433e-01   2.3531161e+00   3.6721543e-02   1.0175619e+01
   8.6607453e+00   7.6313527e-01   9.3660139e+00   4.6948471e+00   7.0994477e+00   2.2925831e+00   6.2131405e+00   1.9367421e-01   6.3568412e+00   1.8350281e-01   9.3377074e-02   3.8661326e-02   2.6152505e+00   1.6667233e+00   7.8511838e-01   1.0361514e-01   2.3874644e+00   3.7743426e-02   1.0463553e+01
   8.9032050e+00   7.6780023e-01   9.6070524e+00   4.7731700e+00   7.2405826e+00   2.3391094e+00   6.3610804e+00   1.9611617e-01   6.5858436e+00   1.8534038e-01   9.3389766e-02   3.8645772e-02   2.6559506e+00   1.7020020e+00   7.9582649e-01   1.0389908e-01   2.4186457e+00   3.8527075e-02   1.0725154e+01
   9.1431170e+00   7.7245830e-01   9.8685097e+00   4.8571482e+00   7.3865044e+00   2.3871377e+00   6.5136261e+00   1.9751075e-01   6.7958856e+00   1.8692617e-01   9.3192535e-02   3.8456223e-02   2.6927460e+00   1.7211259e+00   8.0954910e-01   1.0406766e-01   2.4603142e+00   3.8563577e-02   1.1001661e+01
   9.3519551e+00   7.7557994e-01   1.0165898e+01   4.9515146e+00   7.5269299e+00   2.4385675e+00   6.6757128e+00   1.9892841e-01   7.0240516e+00   1.8887399e-01   9.3080273e-02   3.8663881e-02   2.7440348e+00   1.7622129e+00   8.2672679e-01   1.0458169e-01   2.5025587e+00   3.8984681e-02   1.1252090e+01
   9.5308748e+00   7.8011168e-01   1.0411533e+01   5.0419295e+00   7.6679876e+00   2.4867896e+00   6.8202556e+00   2.0015642e-01   7.2557535e+00   1.9078062e-01   9.2912727e-02   3.8790050e-02   2.7875608e+00   1.8044750e+00   8.3982431e-01   1.0483354e-01   2.5431766e+00   3.8891158e-02   1.1461587e+01
   9.6999634e+00   7.8323368e-01   1.0644630e+01   5.1306603e+00   7.8147072e+00   2.5322263e+00   6.9479783e+00   2.0144833e-01   7.4849244e+00   1.9172863e-01   9.2979122e-02   3.8732989e-02   2.8279678e+00   1.8447646e+00   8.5292880e-01   1.0487487e-01   2.5744380e+00   3.8522086e-02   1.1729412e+01
   9.8752750e+00   7.8633202e-01   1.0920976e+01   5.2256015e+00   7.9476219e+00   2.5777736e+00   7.0707752e+00   2.0332835e-01   7.6992412e+00   1.9339122e-01   9.2816394e-02   3.8642930e-02   2.8665036e+00   1.8815293e+00   8.6679810e-01   1.0495139e-01   2.6145280e+00   3.8508362e-02   1.1980693e+01
   1.0090537e+01   7.8465578e-01   1.1225472e+01   5.3106318e+00   8.0950188e+00   2.6183107e+00   7.1932515e+00   2.0406599e-01   7.8772890e+00   1.9440016e-01   9.2213992e-02   3.8357086e-02   2.9071823e+00   1.9110924e+00   8.8339124e-01   1.0511354e-01   2.6496335e+00   3.8677875e-02   1.2298287e+01
   1.0261066e+01   7.8339186e-01   1.1480780e+01   5.4061385e+00   8.2292988e+00   2.6543642e+00   7.2947863e+00   2.0456939e-01   8.0284274e+00   1.9568260e-01   9.1483487e-02   3.8040052e-02   2.9528447e+00   1.9490262e+00   8.9887894e-01   1.0514996e-01   2.6753409e+00   3.9020163e-02   1.2619743e+01
   1.0448796e+01   7.8486310e-01   1.1755488e+01   5.5005906e+00   8.3482304e+00   2.6906840e+00   7.4066265e+00   2.0531975e-01   8.2194547e+00   1.9688964e-01   9.1252689e-02   3.8083855e-02   3.0011337e+00   1.9852437e+00   9.0953896e-01   1.0544392e-01   2.7263650e+00   3.9757937e-02   1.2949209e+01
   1.0616301e+01   7.8409366e-01   1.2055780e+01   5.5939184e+00   8.4658787e+00   2.7226877e+00   7.5181709e+00   2.0591004e-01   8.4245752e+00   1.9800023e-01   9.1017426e-02   3.8132369e-02   3.0409204e+00   2.0097602e+00   9.1944062e-01   1.0543712e-01   2.7672393e+00   3.9980978e-02   1.3202307e+01
   1.0810261e+01   7.8486000e-01   1.2363741e+01   5.6818772e+00   8.5764345e+00   2.7566928e+00   7.6107564e+00   2.0639403e-01   8.6004321e+00   1.9899297e-01   9.0840503e-02   3.8091738e-02   3.0707386e+00   2.0330380e+00   9.3118691e-01   1.0555877e-01   2.8046832e+00   4.0436186e-02   1.3512798e+01
   1.0993358e+01   7.8566667e-01   1.2629514e+01   5.7608130e+00   8.6782685e+00   2.7907712e+00   7.6875703e+00   2.0718899e-01   8.7668375e+00   2.0004810e-01   9.0877751e-02   3.8132604e-02   3.1109516e+00   2.0607470e+00   9.3184103e-01   1.0573850e-01   2.8479155e+00   4.0911961e-02   1.3781836e+01
   1.1195070e+01   7.8582636e-01   1.2908186e+01   5.8417439e+00   8.7820848e+00   2.8280409e+00   7.7629207e+00   2.0824236e-01   8.9471823e+00   2.0087076e-01   9.0510772e-02   3.8176281e-02   3.1474015e+00   2.0936274e+00   9.4199969e-01   1.0598627e-01   2.8696602e+00   4.1125140e-02   1.4053017e+01
   1.1369961e+01   7.8442794e-01   1.3187260e+01   5.9356982e+00   8.8957880e+00   2.8646933e+00   7.8201397e+00   2.0972454e-01   9.1353877e+00   2.0175946e-01   8.9379101e-02   3.7900718e-02   3.1945738e+00   2.1188044e+00   9.5501768e-01   1.0621593e-01   2.8979859e+00   4.1348658e-02   1.4336849e+01
   1.1548350e+01   7.8195794e-01   1.3426058e+01   6.0010279e+00   8.9962241e+00   2.9083330e+00   7.8805781e+00   2.1126227e-01   9.3179910e+00   2.0274083e-01   8.8853453e-02   3.7650409e-02   3.2310481e+00   2.1392877e+00   9.6448201e-01   1.0631704e-01   2.9354789e+00   4.1439776e-02   1.4648232e+01
   1.1715167e+01   7.7750947e-01   1.3670704e+01   6.0743826e+00   9.1072836e+00   2.9481790e+00   7.9561383e+00   2.1334425e-01   9.5059192e+00   2.0321844e-01   8.8182508e-02   3.7487140e-02   3.2717127e+00   2.1732521e+00   9.7940966e-01   1.0634705e-01   2.9800480e+00   4.1612982e-02   1.4922518e+01
   1.1898117e+01   7.7671818e-01   1.3995051e+01   6.1576958e+00   9.2196671e+00   2.9795643e+00   8.0323212e+00   2.1426913e-01   9.7029898e+00   2.0375294e-01   8.7612680e-02   3.7437725e-02   3.3124938e+00   2.2074865e+00   9.8971619e-01   1.0658108e-01   3.0106833e+00   4.2251688e-02   1.5236233e+01
   1.2071429e+01   7.7311295e-01   1.4286351e+01   6.2395923e+00   9.3121497e+00   3.0058786e+00   8.0983101e+00   2.1592955e-01   9.8777920e+00   2.0412834e-01   8.6776278e-02   3.7314108e-02   3.3440871e+00   2.2221551e+00   1.0001203e+00   1.0684441e-01   3.0471955e+00   4.2784475e-02   1.5595369e+01
   1.2225700e+01   7.7127745e-01   1.4527000e+01   6.2990593e+00   9.4014600e+00   3.0328038e+00   8.1665530e+00   2.1762415e-01   1.0022358e+01   2.0449846e-01   8.6042786e-02   3.7012821e-02   3.3799789e+00   2.2419452e+00   1.0100580e+00   1.0702674e-01   3.0905063e+00   4.3186634e-02   1.5969575e+01
   1.2390844e+01   7.6969683e-01   1.4802247e+01   6.3575886e+00   9.4936893e+00   3.0625482e+00   8.2268073e+00   2.1893728e-01   1.0173328e+01   2.0520830e-01   8.5352664e-02   3.6838391e-02   3.4161532e+00   2.2720991e+00   1.0229999e+00   1.0717134e-01   3.1267705e+00   4.3744578e-02   1.6345786e+01
   1.2543261e+01   7.6693984e-01   1.5081421e+01   6.4275763e+00   9.5894050e+00   3.0860966e+00   8.2826602e+00   2.2023150e-01   1.0330756e+01   2.0583308e-01   8.4868230e-02   3.6803908e-02   3.4565461e+00   2.2947864e+00   1.0337669e+00   1.0726805e-01   3.1644386e+00   4.4202587e-02   1.6694961e+01
   1.2713047e+01   7.6254488e-01   1.5370773e+01   6.4817665e+00   9.6896617e+00   3.1132684e+00   8.3296171e+00   2.2130090e-01   1.0478458e+01   2.0624424e-01   8.4126498e-02   3.6712141e-02   3.4892648e+00   2.3200079e+00   1.0460744e+00   1.0736638e-01   3.1903925e+00   4.4836155e-02   1.7102600e+01
   1.2920242e+01   7.6024673e-01   1.5694238e+01   6.5640948e+00   9.8070848e+00   3.1443080e+00   8.3679327e+00   2.2245384e-01   1.0606842e+01   2.0660891e-01   8.3340949e-02   3.6593672e-02   3.5184155e+00   2.3386284e+00   1.0535446e+00   1.0757062e-01   3.2276157e+00   4.5256279e-02   1.7551562e+01
   1.3081205e+01   7.5647765e-01   1.5967647e+01   6.6265500e+00   9.9302677e+00   3.1795599e+00   8.4009381e+00   2.2387940e-01   1.0749665e+01   2.0691151e-01   8.2641217e-02   3.6519974e-02   3.5520579e+00   2.3584438e+00   1.0627782e+00   1.0771101e-01   3.2597486e+00   4.5464400e-02   1.7929189e+01
   1.3238443e+01   7.5327695e-01   1.6215738e+01   6.6802006e+00   1.0034365e+01   3.2121469e+00   8.4330419e+00   2.2567759e-01   1.0899763e+01   2.0720388e-01   8.2100372e-02   3.6595357e-02   3.5913367e+00   2.3761709e+00   1.0739561e+00   1.0789188e-01   3.2950602e+00   4.5850055e-02   1.8292918e+01
   1.3412118e+01   7.5027559e-01   1.6459037e+01   6.7528032e+00   1.0129123e+01   3.2360972e+00   8.4575119e+00   2.2710906e-01   1.1039344e+01   2.0772471e-01   8.1639699e-02   3.6505615e-02   3.6219498e+00   2.3958779e+00   1.0831246e+00   1.0807024e-01   3.3343742e+00   4.6531177e-02   1.8735046e+01
   1.3579731e+01   7.4563825e-01   1.6722545e+01   6.8077003e+00   1.0223570e+01   3.2598055e+00   8.4801608e+00   2.2852569e-01   1.1168398e+01   2.0799632e-01   8.1066768e-02   3.6498518e-02   3.6606891e+00   2.4137392e+00   1.0922933e+00   1.0823937e-01   3.3680268e+00   4.7037597e-02   1.9143641e+01
   1.3766963e+01   7.4186961e-01   1.6995548e+01   6.8635355e+00   1.0315301e+01   3.2802439e+00   8.4882146e+00   2.2928617e-01   1.1303788e+01   2.0813245e-01   8.0678947e-02   3.6440995e-02   3.6998617e+00   2.4338259e+00   1.1007399e+00   1.0841633e-01   3.4030232e+00   4.7446022e-02   1.9544005e+01
   1.3904660e+01   7.3756835e-01   1.7252243e+01   6.9074742e+00   1.0377477e+01   3.2901376e+00   8.4767499e+00   2.2953814e-01   1.1428159e+01   2.0818990e-01   8.0142343e-02   3.6403948e-02   3.7346746e+00   2.4557102e+00   1.1102784e+00   1.0862415e-01   3.4306958e+00   4.7932584e-02   1.9974025e+01
   1.4063710e+01   7.3704786e-01   1.7534573e+01   6.9626912e+00   1.0454464e+01   3.3018941e+00   8.4827653e+00   2.3063045e-01   1.1583765e+01   2.0835909e-01   7.9790819e-02   3.6347659e-02   3.7713385e+00   2.4703795e+00   1.1192095e+00   1.0889113e-01   3.4722229e+00   4.8469045e-02   2.0485111e+01
   1.4176907e+01   7.3357595e-01   1.7784780e+01   6.9971958e+00   1.0527951e+01   3.3147346e+00   8.4870016e+00   2.3168479e-01   1.1708039e+01   2.0846245e-01   7.9293802e-02   3.6303999e-02   3.7994880e+00   2.4893833e+00   1.1283879e+00   1.0902164e-01   3.5054367e+00   4.8709828e-02   2.1013178e+01
   1.4325025e+01   7.3103961e-01   1.8108733e+01   7.0413515e+00   1.0620316e+01   3.3309348e+00   8.4834614e+00   2.3262407e-01   1.1820927e+01   2.0856323e-01   7.8875325e-02   3.6159010e-02   3.8320674e+00   2.5038214e+00   1.1350002e+00   1.0922639e-01   3.5463991e+00   4.9024826e-02   2.1442768e+01
   1.4452961e+01   7.2705548e-01   1.8408336e+01   7.0883041e+00   1.0681058e+01   3.3487596e+00   8.4926243e+00   2.3424376e-01   1.1941264e+01   2.0865475e-01   7.8492583e-02   3.6062120e-02   3.8689484e+00   2.5263327e+00   1.1434577e+00   1.0937079e-01   3.5814304e+00   4.9246698e-02   2.1932767e+01
   1.4599615e+01   7.2258684e-01   1.8696271e+01   7.1261192e+00   1.0749765e+01   3.3617817e+00   8.4899387e+00   2.3561544e-01   1.2027228e+01   2.0875358e-01   7.8027996e-02   3.5811553e-02   3.9012283e+00   2.5392242e+00   1.1506497e+00   1.0951561e-01   3.6144790e+00   4.9296128e-02   2.2395645e+01
   1.4730978e+01   7.1779621e-01   1.8943576e+01   7.1642100e+00   1.0825596e+01   3.3697475e+00   8.4852324e+00   2.3707459e-01   1.2136302e+01   2.0858316e-01   7.7552786e-02   3.5661011e-02   3.9306555e+00   2.5508682e+00   1.1568234e+00   1.0968106e-01   3.6479390e+00   4.9489986e-02   2.2866225e+01
   1.4837500e+01   7.1252911e-01   1.9212820e+01   7.2057570e+00   1.0906281e+01   3.3804122e+00   8.4823785e+00   2.3879975e-01   1.2232022e+01   2.0852264e-01   7.6985910e-02   3.5606708e-02   3.9551237e+00   2.5560698e+00   1.1625805e+00   1.0979002e-01   3.6596211e+00   4.9664656e-02   2.3287403e+01
   1.4958760e+01   7.0817712e-01   1.9539576e+01   7.2451466e+00   1.0971875e+01   3.4002422e+00   8.4826854e+00   2.4063567e-01   1.2330101e+01   2.0862863e-01   7.6658877e-02   3.5613528e-02   3.9854445e+00   2.5726148e+00   1.1706130e+00   1.0996661e-01   3.6850250e+00   4.9795602e-02   2.3696651e+01
   1.5066297e+01   7.0273287e-01   1.9842133e+01   7.2854946e+00   1.1037773e+01   3.4187825e+00   8.4714115e+00   2.4200051e-01   1.2417940e+01   2.0864431e-01   7.6203737e-02   3.5525991e-02   4.0106023e+00   2.5793802e+00   1.1773762e+00   1.1012566e-01   3.7119741e+00   4.9907723e-02   2.4109664e+01
