   0.0000000e+00   0.0000000e+00   0.0000000e+00   0.0000000e+00   0.0000000e+00   0.0000000e+00   0.0000000e+00   0.0000000e+00   0.0000000e+00   0.0000000e+00   0.0000000e+00   0.0000000e+00   0.0000000e+00   0.0000000e+00   0.0000000e+00   0.0000000e+00   0.0000000e+00   0.0000000e+00   0.0000000e+00
  -1.6322737e-01  -4.0564891e-02  -1.7282328e-01  -5.4461207e-02  -1.0114089e-01  -1.4997306e-02  -7.8663793e-02  -3.3842942e-03  -1.1490302e-01  -4.4540826e-03  -6.0734926e-03  -3.4142119e-03  -6.1737608e-02  -3.7995690e-02  -2.6537918e-02  -6.7793800e-03  -3.4133217e-02  -1.1843504e-03  -2.1955819e-01
  -3.8052263e-01  -9.0623485e-02  -2.4808728e-01  -1.3530442e-01  -2.4473599e-01  -4.2116110e-02  -1.4068561e-01  -1.0023488e-02  -2.0893319e-01  -8.3132724e-03  -1.1619768e-02  -6.0642216e-03  -1.2780711e-01  -8.3586342e-02  -4.8496599e-02  -1.3771788e-02  -7.6985453e-02  -2.8972968e-03  -4.2385776e-01
  -6.0907058e-01  -1.2604265e-01  -3.8575970e-01  -1.8702856e-01  -3.5879580e-01  -6.3229054e-02  -2.0517107e-01  -1.5037252e-02  -2.8097252e-01  -1.2592900e-02  -1.7885437e-02  -8.6744585e-03  -1.9476697e-01  -1.2628704e-01  -6.9179014e-02  -1.8183115e-02  -1.1751078e-01  -4.6894889e-03  -6.3784483e-01
  -7.6245690e-01  -1.5846747e-01  -4.4079203e-01  -2.7150862e-01  -5.0673626e-01  -8.4029499e-02  -2.8530711e-01  -1.7523025e-02  -3.6421606e-01  -1.4668558e-02  -2.0247897e-02  -1.1026822e-02  -2.6871700e-01  -1.7249731e-01  -9.0918642e-02  -2.3703803e-02  -1.4741379e-01  -6.9234493e-03  -8.3189655e-01
  -9.1127963e-01  -1.7540149e-01  -5.3054149e-01  -3.3381466e-01  -6.3951374e-01  -1.0535156e-01  -3.5562635e-01  -2.0992495e-02  -4.5428341e-01  -1.8693111e-02  -2.5706461e-02  -1.3624394e-02  -3.3622037e-01  -2.0951576e-01  -1.1321845e-01  -2.8550831e-02  -1.9375943e-01  -8.6055519e-03  -1.0948384e+00
  -1.0934079e+00  -2.1313822e-01  -6.1164062e-01  -4.1473734e-01  -7.3557920e-01  -1.3390726e-01  -4.6699219e-01  -2.7509955e-02  -5.6228179e-01  -2.2331817e-02  -2.9537090e-02  -1.6710110e-02  -4.0690396e-01  -2.6324690e-01  -1.3488904e-01  -3.3603153e-02  -2.5769599e-01  -9.9580857e-03  -1.4094720e+00
  -1.3037150e+00  -2.5281326e-01  -7.1322737e-01  -5.0032530e-01  -8.3281250e-01  -1.6973801e-01  -5.4263874e-01  -3.2436166e-02  -6.5261988e-01  -2.5745944e-02  -3.2180965e-02  -1.8828593e-02  -4.8913052e-01  -3.0597589e-01  -1.5580971e-01  -3.8629087e-02  -3.0806506e-01  -1.0328822e-02  -1.6478394e+00
  -1.4832839e+00  -2.9217799e-01  -7.9300916e-01  -5.7011921e-01  -9.5591999e-01  -2.1798155e-01  -6.3477640e-01  -3.7887847e-02  -8.0034752e-01  -2.9583403e-02  -3.9582414e-02  -2.0789537e-02  -5.7228112e-01  -3.5897899e-01  -1.8292514e-01  -4.5062708e-02  -3.5212419e-01  -1.2207873e-02  -1.8725054e+00
  -1.6506250e+00  -3.2513748e-01  -8.9666756e-01  -6.4741312e-01  -1.0373828e+00  -2.4006870e-01  -7.1328731e-01  -4.2089444e-02  -9.2961342e-01  -3.4346503e-02  -4.4702917e-02  -2.3061797e-02  -6.5847185e-01  -4.1001886e-01  -2.0562753e-01  -4.8111199e-02  -3.8608432e-01  -1.4183344e-02  -2.0716272e+00
  -1.9156088e+00  -3.5794863e-01  -1.0358432e+00  -7.1033809e-01  -1.2224798e+00  -2.6244242e-01  -7.9876347e-01  -4.7021989e-02  -1.0247144e+00  -3.7736248e-02  -4.8418821e-02  -2.4359962e-02  -7.2969828e-01  -4.5094019e-01  -2.3013251e-01  -5.3906797e-02  -4.2120151e-01  -1.5749617e-02  -2.3739817e+00
  -2.0649569e+00  -3.9394531e-01  -1.1807516e+00  -8.0103179e-01  -1.3155617e+00  -3.0636618e-01  -8.7989628e-01  -4.9278649e-02  -1.1525741e+00  -4.3998845e-02  -5.4909973e-02  -2.5803601e-02  -8.0590383e-01  -4.9420730e-01  -2.6535729e-01  -5.7646976e-02  -5.0323276e-01  -1.7920501e-02  -2.6323168e+00
  -2.2569720e+00  -4.3502324e-01  -1.2690005e+00  -9.3203260e-01  -1.4412729e+00  -3.3009799e-01  -9.6737742e-01  -5.2884143e-02  -1.2892955e+00  -4.9120378e-02  -5.8963013e-02  -2.7952997e-02  -8.9274515e-01  -5.4493804e-01  -2.8924098e-01  -6.2384578e-02  -5.8971848e-01  -1.8614139e-02  -2.8608782e+00
  -2.5213443e+00  -4.5936624e-01  -1.4907786e+00  -9.9446457e-01  -1.5384362e+00  -3.5312567e-01  -1.0557301e+00  -5.8408371e-02  -1.4629741e+00  -5.3618048e-02  -5.9299443e-02  -3.1567651e-02  -9.8397225e-01  -5.9772360e-01  -3.3646905e-01  -6.6982106e-02  -6.1595030e-01  -2.1013147e-02  -3.1142241e+00
  -2.6543427e+00  -4.8883107e-01  -1.5546363e+00  -1.0623283e+00  -1.7269841e+00  -4.0505826e-01  -1.1424731e+00  -6.7508040e-02  -1.6447589e+00  -5.8062313e-02  -6.7986177e-02  -3.2873682e-02  -1.0879182e+00  -6.5856210e-01  -3.6427583e-01  -6.9332604e-02  -6.5349811e-01  -2.2193877e-02  -3.2935991e+00
  -2.8283513e+00  -5.2409685e-01  -1.7720474e+00  -1.1772730e+00  -1.9475067e+00  -4.3553037e-01  -1.2837392e+00  -7.2020348e-02  -1.7841096e+00  -6.1703354e-02  -7.3024502e-02  -3.4082763e-02  -1.1672232e+00  -7.1401872e-01  -3.9110621e-01  -7.2859081e-02  -7.1025997e-01  -2.3967611e-02  -3.4503448e+00
  -2.9347575e+00  -5.6279440e-01  -1.9377398e+00  -1.2706351e+00  -2.0252209e+00  -4.8806472e-01  -1.4116393e+00  -7.6848271e-02  -1.9939992e+00  -6.5899890e-02  -7.4723563e-02  -3.5772410e-02  -1.2362103e+00  -7.4971040e-01  -4.1351731e-01  -7.4734281e-02  -7.6483432e-01  -2.6050757e-02  -3.6478179e+00
  -3.0980711e+00  -6.0471393e-01  -2.0560668e+00  -1.3007301e+00  -2.0567659e+00  -5.2155509e-01  -1.5162318e+00  -8.3398122e-02  -2.1212365e+00  -6.9551118e-02  -7.7548218e-02  -3.7670341e-02  -1.3284826e+00  -8.0471713e-01  -4.5323023e-01  -7.5879835e-02  -7.9969154e-01  -2.7872325e-02  -3.7804256e+00
  -3.2393427e+00  -6.4540780e-01  -2.1866379e+00  -1.4006506e+00  -2.1950148e+00  -5.6190598e-01  -1.6185587e+00  -9.2841355e-02  -2.2739588e+00  -7.3652417e-02  -8.1773282e-02  -3.8217931e-02  -1.4046895e+00  -8.6096511e-01  -4.6115857e-01  -7.9058009e-02  -8.6931034e-01  -2.9876020e-02  -4.0077317e+00
  -3.4676428e+00  -6.9758705e-01  -2.3807435e+00  -1.5486672e+00  -2.3573532e+00  -6.2541959e-01  -1.6871498e+00  -9.6248169e-02  -2.4141245e+00  -7.7850258e-02  -8.6527026e-02  -4.0914480e-02  -1.4874481e+00  -9.1812365e-01  -4.8444134e-01  -8.3354355e-02  -9.2064184e-01  -3.1535823e-02  -4.3308136e+00
  -3.5266191e+00  -7.4458084e-01  -2.5856466e+00  -1.6252121e+00  -2.4992726e+00  -6.8802734e-01  -1.8273599e+00  -1.0126426e-01  -2.5938227e+00  -8.2128380e-02  -9.3984528e-02  -4.3867440e-02  -1.5627371e+00  -9.7209523e-01  -5.1543726e-01  -8.6498018e-02  -9.4815935e-01  -3.2341661e-02  -4.5149623e+00
  -3.8004607e+00  -7.5818915e-01  -2.7584833e+00  -1.7202000e+00  -2.6423357e+00  -7.2505657e-01  -1.9978751e+00  -1.0667204e-01  -2.7981102e+00  -8.6812492e-02  -9.5928113e-02  -4.5961377e-02  -1.6722306e+00  -1.0381243e+00  -5.3023454e-01  -8.9287386e-02  -1.0207772e+00  -3.3119980e-02  -4.7600808e+00
  -4.0684429e+00  -8.0498695e-01  -2.9586288e+00  -1.8201623e+00  -2.7674084e+00  -7.4811523e-01  -2.1527930e+00  -1.1402646e-01  -2.9695568e+00  -9.2168242e-02  -9.7905073e-02  -4.9027957e-02  -1.7796383e+00  -1.0911449e+00  -5.6339305e-01  -9.2579388e-02  -1.0547717e+00  -3.6019787e-02  -5.0526616e+00
  -4.3751064e+00  -8.5913700e-01  -3.1157786e+00  -1.9170575e+00  -2.9320366e+00  -7.9521787e-01  -2.2894046e+00  -1.2080519e-01  -3.0807947e+00  -9.5834498e-02  -1.0338560e-01  -5.0881377e-02  -1.8581519e+00  -1.1170770e+00  -5.8369376e-01  -9.5144090e-02  -1.1288113e+00  -3.6974577e-02  -5.1950323e+00
  -4.5924380e+00  -8.7316667e-01  -3.2945366e+00  -1.9959092e+00  -3.0466366e+00  -8.4867053e-01  -2.4208816e+00  -1.2776552e-01  -3.2465032e+00  -9.9943448e-02  -1.0823355e-01  -5.2998005e-02  -1.9630624e+00  -1.1980415e+00  -6.2876414e-01  -9.8497859e-02  -1.1991851e+00  -3.7104471e-02  -5.4250593e+00
  -4.8235480e+00  -9.1327350e-01  -3.4588982e+00  -2.0913625e+00  -3.1895784e+00  -9.1729357e-01  -2.5621707e+00  -1.3881101e-01  -3.3198114e+00  -1.0623173e-01  -1.1122777e-01  -5.3825084e-02  -2.0567107e+00  -1.2575997e+00  -6.5296555e-01  -1.0090403e-01  -1.2481903e+00  -3.8902662e-02  -5.5794019e+00
  -5.0601347e+00  -9.3764017e-01  -3.6111476e+00  -2.1716373e+00  -3.3724717e+00  -9.9074353e-01  -2.7035008e+00  -1.4591999e-01  -3.4105024e+00  -1.0915311e-01  -1.1909420e-01  -5.4734979e-02  -2.1980691e+00  -1.3102896e+00  -6.7174906e-01  -1.0255686e-01  -1.2935493e+00  -4.0514708e-02  -5.6978233e+00
  -5.3857597e+00  -9.5671723e-01  -3.7557893e+00  -2.2647690e+00  -3.5941474e+00  -1.0448407e+00  -2.8482280e+00  -1.5507724e-01  -3.5604957e+00  -1.1336966e-01  -1.2202960e-01  -5.6617408e-02  -2.2855449e+00  -1.3618757e+00  -6.7308417e-01  -1.0488635e-01  -1.3944134e+00  -4.1989615e-02  -5.8202909e+00
  -5.5873599e+00  -9.7769658e-01  -4.0573599e+00  -2.3647993e+00  -3.6174704e+00  -1.0909102e+00  -3.0396963e+00  -1.6268378e-01  -3.7291096e+00  -1.1341968e-01  -1.2692895e-01  -5.8906208e-02  -2.3874758e+00  -1.4128549e+00  -6.8866211e-01  -1.0863448e-01  -1.4149643e+00  -4.2022802e-02  -6.0167134e+00
  -5.7316730e+00  -1.0169966e+00  -4.1823518e+00  -2.4076987e+00  -3.7556560e+00  -1.1501377e+00  -3.2159348e+00  -1.6816657e-01  -3.8429162e+00  -1.1874082e-01  -1.2906244e-01  -6.1627226e-02  -2.4470898e+00  -1.4640551e+00  -7.1558897e-01  -1.1188424e-01  -1.5303657e+00  -4.2204353e-02  -6.2022091e+00
  -5.9370366e+00  -1.0567824e+00  -4.3561638e+00  -2.4188490e+00  -3.9874838e+00  -1.1961542e+00  -3.3918508e+00  -1.7603720e-01  -3.9361274e+00  -1.2372413e-01  -1.3261903e-01  -6.4755859e-02  -2.5091864e+00  -1.5160823e+00  -7.6890743e-01  -1.1404714e-01  -1.6080981e+00  -4.3412881e-02  -6.3598599e+00
  -6.3409644e+00  -1.0951480e+00  -4.7277155e+00  -2.4948289e+00  -4.1386099e+00  -1.2425488e+00  -3.5525552e+00  -1.8053574e-01  -4.0983001e+00  -1.2551655e-01  -1.3606343e-01  -6.5817845e-02  -2.5418231e+00  -1.5691581e+00  -7.6518336e-01  -1.1637077e-01  -1.6588948e+00  -4.3283297e-02  -6.5353718e+00
  -6.5718669e+00  -1.1287018e+00  -4.9179068e+00  -2.6149663e+00  -4.2532826e+00  -1.3005275e+00  -3.7157408e+00  -1.8769529e-01  -4.2492740e+00  -1.3046620e-01  -1.4184409e-01  -6.7597243e-02  -2.6920003e+00  -1.6231169e+00  -8.2144312e-01  -1.1712421e-01  -1.6904250e+00  -4.4015821e-02  -6.7749030e+00
  -6.7142888e+00  -1.1398917e+00  -5.1425350e+00  -2.7007752e+00  -4.4068966e+00  -1.3683496e+00  -3.8136732e+00  -1.9381788e-01  -4.5023289e+00  -1.3355999e-01  -1.4400622e-01  -6.8821848e-02  -2.7723168e+00  -1.6774067e+00  -8.4212621e-01  -1.1820944e-01  -1.7312419e+00  -4.6098251e-02  -6.9991002e+00
  -6.8559617e+00  -1.1469707e+00  -5.3529526e+00  -2.7654317e+00  -4.6143992e+00  -1.4133994e+00  -3.9121303e+00  -2.0160275e-01  -4.7337837e+00  -1.3731116e-01  -1.4683190e-01  -7.1348011e-02  -2.8497542e+00  -1.7311722e+00  -8.3128553e-01  -1.1991029e-01  -1.7947771e+00  -4.6995692e-02  -7.1992134e+00
  -7.1716649e+00  -1.1858069e+00  -5.5364628e+00  -2.8320151e+00  -4.7905509e+00  -1.4856624e+00  -4.0681957e+00  -2.0467888e-01  -4.9101765e+00  -1.4318961e-01  -1.5031892e-01  -7.1987589e-02  -2.9383035e+00  -1.7836412e+00  -8.6326071e-01  -1.2188509e-01  -1.8351549e+00  -4.7440233e-02  -7.3125485e+00
  -7.4199488e+00  -1.2074759e+00  -5.7577963e+00  -2.9541447e+00  -5.0230617e+00  -1.5477921e+00  -4.2132900e+00  -2.1194159e-01  -5.1278637e+00  -1.4691581e-01  -1.5282759e-01  -7.2714102e-02  -3.0286510e+00  -1.8343723e+00  -9.0239451e-01  -1.2388908e-01  -1.9051307e+00  -4.8041077e-02  -7.5162338e+00
  -7.9490302e+00  -1.2630151e+00  -6.0424488e+00  -3.0502768e+00  -5.2235749e+00  -1.6162756e+00  -4.3914655e+00  -2.1695131e-01  -5.2594855e+00  -1.5349102e-01  -1.5595945e-01  -7.3582922e-02  -3.1124017e+00  -1.8833378e+00  -9.1321929e-01  -1.2596407e-01  -1.9279435e+00  -4.9463146e-02  -7.6703987e+00
  -8.2654054e+00  -1.3024386e+00  -6.2750377e+00  -3.1159058e+00  -5.3744127e+00  -1.6549929e+00  -4.5873404e+00  -2.2284144e-01  -5.4167255e+00  -1.5994896e-01  -1.5828856e-01  -7.5318440e-02  -3.2023633e+00  -1.9308412e+00  -9.3701416e-01  -1.2710893e-01  -2.0100983e+00  -5.0926198e-02  -7.8708782e+00
  -8.6324488e+00  -1.3314511e+00  -6.4955765e+00  -3.1931183e+00  -5.5800458e+00  -1.6947030e+00  -4.8305873e+00  -2.2847855e-01  -5.6600902e+00  -1.6168689e-01  -1.6390345e-01  -7.7761549e-02  -3.3195558e+00  -1.9773515e+00  -9.5834010e-01  -1.2850565e-01  -2.0568167e+00  -5.1195510e-02  -8.0727586e+00
  -9.0631290e+00  -1.3610431e+00  -6.6797818e+00  -3.3623323e+00  -5.7179310e+00  -1.7594471e+00  -4.9841406e+00  -2.3214498e-01  -5.8937635e+00  -1.6579723e-01  -1.6676000e-01  -7.8890505e-02  -3.3765793e+00  -2.0372788e+00  -9.7723995e-01  -1.2975992e-01  -2.1188850e+00  -5.2906791e-02  -8.3000269e+00
  -9.3107651e+00  -1.3939889e+00  -6.7995690e+00  -3.5341103e+00  -5.8708971e+00  -1.8008412e+00  -5.1000613e+00  -2.3938537e-01  -6.0962985e+00  -1.7089518e-01  -1.7148690e-01  -8.1661364e-02  -3.4135850e+00  -2.1182759e+00  -9.9819967e-01  -1.3128659e-01  -2.1792113e+00  -5.3872733e-02  -8.5309213e+00
  -9.4632489e+00  -1.4108068e+00  -7.0032301e+00  -3.6250404e+00  -6.0563039e+00  -1.8484362e+00  -5.1793824e+00  -2.4460487e-01  -6.2594141e+00  -1.7152275e-01  -1.7356000e-01  -8.3008015e-02  -3.4908648e+00  -2.1560904e+00  -1.0124416e+00  -1.3198919e-01  -2.2454182e+00  -5.4685753e-02  -8.7639601e+00
  -9.6420312e+00  -1.4334350e+00  -7.3046956e+00  -3.7100869e+00  -6.2662204e+00  -1.8847963e+00  -5.3257227e+00  -2.4751708e-01  -6.3768777e+00  -1.7688827e-01  -1.7753793e-01  -8.4105204e-02  -3.5562975e+00  -2.1976024e+00  -1.0433379e+00  -1.3321103e-01  -2.2857368e+00  -5.5766959e-02  -9.0080657e+00
  -9.7875943e+00  -1.4764036e+00  -7.5067834e+00  -3.8193299e+00  -6.4059483e+00  -1.9491659e+00  -5.4470353e+00  -2.5132061e-01  -6.5234833e+00  -1.8117400e-01  -1.7890069e-01  -8.4142030e-02  -3.6319356e+00  -2.2207301e+00  -1.0570207e+00  -1.3399987e-01  -2.3485086e+00  -5.7139053e-02  -9.1104526e+00
  -9.9689871e+00  -1.5113903e+00  -7.7377775e+00  -3.9190268e+00  -6.5568750e+00  -2.0092346e+00  -5.6276408e+00  -2.5714288e-01  -6.7818332e+00  -1.8468850e-01  -1.8139311e-01  -8.5121047e-02  -3.7037800e+00  -2.2797404e+00  -1.0700689e+00  -1.3510102e-01  -2.3928701e+00  -5.9131764e-02  -9.2539278e+00
  -1.0225900e+01  -1.5474111e+00  -8.0895043e+00  -3.9780873e+00  -6.7286193e+00  -2.0520609e+00  -5.7792706e+00  -2.6357874e-01  -6.9487244e+00  -1.8844452e-01  -1.8481931e-01  -8.5731814e-02  -3.7578465e+00  -2.3440447e+00  -1.0824552e+00  -1.3584337e-01  -2.4374414e+00  -6.0925514e-02  -9.5313901e+00
  -1.0559690e+01  -1.5712230e+00  -8.3195366e+00  -4.0666447e+00  -6.9129916e+00  -2.0952445e+00  -5.9088706e+00  -2.7233104e-01  -7.2086018e+00  -1.9316289e-01  -1.8751311e-01  -8.8515457e-02  -3.8333611e+00  -2.4226758e+00  -1.1017311e+00  -1.3637599e-01  -2.4727670e+00  -6.0804138e-02  -9.8003394e+00
  -1.0891735e+01  -1.5945526e+00  -8.5506492e+00  -4.1337325e+00  -7.1666083e+00  -2.1487476e+00  -6.0182381e+00  -2.7978897e-01  -7.4204970e+00  -1.9675664e-01  -1.8991449e-01  -8.9516508e-02  -3.9098646e+00  -2.4665645e+00  -1.1130183e+00  -1.3756259e-01  -2.5282321e+00  -6.1060533e-02  -1.0015900e+01
  -1.1112904e+01  -1.6264181e+00  -8.7570851e+00  -4.2097293e+00  -7.3196336e+00  -2.1891093e+00  -6.1925822e+00  -2.8203864e-01  -7.6084267e+00  -1.9958995e-01  -1.9287449e-01  -9.0959954e-02  -3.9801377e+00  -2.5119087e+00  -1.1322108e+00  -1.3872312e-01  -2.6052691e+00  -6.1379697e-02  -1.0317462e+01
  -1.1338669e+01  -1.6568610e+00  -8.9589332e+00  -4.2751879e+00  -7.5389615e+00  -2.2216278e+00  -6.3727384e+00  -2.8819725e-01  -7.8118413e+00  -2.0326123e-01  -1.9520552e-01  -9.1907820e-02  -4.0357405e+00  -2.5548209e+00  -1.1439531e+00  -1.3955690e-01  -2.6461783e+00  -6.0957778e-02  -1.0582026e+01
  -1.1578050e+01  -1.6728369e+00  -9.0594908e+00  -4.3628623e+00  -7.6706263e+00  -2.2631620e+00  -6.5709213e+00  -2.9320550e-01  -7.9323963e+00  -2.0666677e-01  -1.9802621e-01  -9.3962047e-02  -4.0996316e+00  -2.5999502e+00  -1.1556718e+00  -1.4030728e-01  -2.7171265e+00  -6.2246530e-02  -1.0730226e+01
  -1.1759895e+01  -1.6978542e+00  -9.2431789e+00  -4.4024448e+00  -7.8247629e+00  -2.3061422e+00  -6.7356183e+00  -2.9683724e-01  -8.1669652e+00  -2.0972184e-01  -1.9966346e-01  -9.5495179e-02  -4.1786978e+00  -2.6381405e+00  -1.1757792e+00  -1.4091150e-01  -2.7527371e+00  -6.4351386e-02  -1.0976352e+01
  -1.1929189e+01  -1.7213017e+00  -9.2528179e+00  -4.5013982e+00  -7.9780536e+00  -2.3594548e+00  -6.9184409e+00  -3.0296553e-01  -8.4573936e+00  -2.1383338e-01  -2.0193695e-01  -9.6638266e-02  -4.2702593e+00  -2.6810480e+00  -1.1903862e+00  -1.4150293e-01  -2.7981378e+00  -6.5942675e-02  -1.1150043e+01
  -1.2210102e+01  -1.7376940e+00  -9.4404768e+00  -4.5443992e+00  -8.1202438e+00  -2.4122040e+00  -7.1138376e+00  -3.1034259e-01  -8.7325687e+00  -2.1685180e-01  -2.0457319e-01  -9.7441516e-02  -4.3732469e+00  -2.7074953e+00  -1.2135117e+00  -1.4243746e-01  -2.8384247e+00  -6.7255994e-02  -1.1318976e+01
  -1.2446731e+01  -1.7588487e+00  -9.6823680e+00  -4.6147340e+00  -8.2852694e+00  -2.4555610e+00  -7.2074266e+00  -3.1741395e-01  -8.9732671e+00  -2.1963896e-01  -2.0646563e-01  -9.8210405e-02  -4.4476630e+00  -2.7435008e+00  -1.2303006e+00  -1.4319935e-01  -2.9303711e+00  -6.8400908e-02  -1.1388615e+01
  -1.2650556e+01  -1.7771722e+00  -9.8189709e+00  -4.6643339e+00  -8.4295407e+00  -2.5079270e+00  -7.2912207e+00  -3.2353090e-01  -9.1949744e+00  -2.2221006e-01  -2.0859173e-01  -9.9085667e-02  -4.5083732e+00  -2.7860365e+00  -1.2719696e+00  -1.4376071e-01  -3.0012982e+00  -6.8667839e-02  -1.1512689e+01
  -1.2871262e+01  -1.7913585e+00  -9.9471552e+00  -4.7721518e+00  -8.5836422e+00  -2.5513524e+00  -7.3510059e+00  -3.2680135e-01  -9.3937332e+00  -2.2450481e-01  -2.1085380e-01  -1.0063157e-01  -4.5584096e+00  -2.8398572e+00  -1.2848551e+00  -1.4430124e-01  -3.0443114e+00  -7.0252957e-02  -1.1699763e+01
  -1.2986744e+01  -1.8115481e+00  -1.0138475e+01  -4.8533863e+00  -8.6622144e+00  -2.5959904e+00  -7.4763689e+00  -3.2749644e-01  -9.5133587e+00  -2.2530961e-01  -2.1415107e-01  -1.0103344e-01  -4.5997788e+00  -2.8870380e+00  -1.2965241e+00  -1.4490948e-01  -3.0946744e+00  -7.0811554e-02  -1.1785582e+01
  -1.3271664e+01  -1.8314103e+00  -1.0406546e+01  -4.9140443e+00  -8.8142430e+00  -2.6559584e+00  -7.6030543e+00  -3.3228202e-01  -9.7143319e+00  -2.2910363e-01  -2.1588739e-01  -1.0177765e-01  -4.6494976e+00  -2.9022508e+00  -1.3080276e+00  -1.4599570e-01  -3.1326236e+00  -7.0710205e-02  -1.1943820e+01
  -1.3660424e+01  -1.8548148e+00  -1.0522826e+01  -4.9518359e+00  -8.9722373e+00  -2.7069413e+00  -7.7065127e+00  -3.3550651e-01  -9.8547522e+00  -2.3200665e-01  -2.1762148e-01  -1.0244316e-01  -4.6945094e+00  -3.0133186e+00  -1.3237297e+00  -1.4775253e-01  -3.1633018e+00  -7.1051409e-02  -1.2149127e+01
  -1.3933932e+01  -1.8771053e+00  -1.0824475e+01  -5.0175431e+00  -9.0869801e+00  -2.7569518e+00  -7.7939305e+00  -3.3672313e-01  -9.9932516e+00  -2.3608060e-01  -2.1948707e-01  -1.0379084e-01  -4.7430654e+00  -3.1077519e+00  -1.3401379e+00  -1.4872990e-01  -3.2188732e+00  -7.1830529e-02  -1.2322053e+01
  -1.4218684e+01  -1.8835915e+00  -1.1002468e+01  -5.0865787e+00  -9.2382813e+00  -2.7955725e+00  -7.8635840e+00  -3.4078281e-01  -1.0261441e+01  -2.3963202e-01  -2.2110091e-01  -1.0518721e-01  -4.7932392e+00  -3.2048808e+00  -1.3495448e+00  -1.5038483e-01  -3.2686099e+00  -7.2648789e-02  -1.2519984e+01
  -1.4454852e+01  -1.8938678e+00  -1.1233793e+01  -5.1807722e+00  -9.4911948e+00  -2.8313103e+00  -7.9431072e+00  -3.4566686e-01  -1.0597210e+01  -2.4281199e-01  -2.2220276e-01  -1.0550345e-01  -4.8433691e+00  -3.2464938e+00  -1.3585379e+00  -1.5222483e-01  -3.3058294e+00  -7.3037843e-02  -1.2703626e+01
  -1.4658805e+01  -1.9055674e+00  -1.1307772e+01  -5.2719531e+00  -9.6308082e+00  -2.8694619e+00  -8.0721862e+00  -3.5083928e-01  -1.0840708e+01  -2.4585792e-01  -2.2331586e-01  -1.0634483e-01  -4.8884732e+00  -3.3039062e+00  -1.3672276e+00  -1.5340101e-01  -3.3620983e+00  -7.3684719e-02  -1.2978012e+01
  -1.4860081e+01  -1.9139485e+00  -1.1447287e+01  -5.3762837e+00  -9.8380927e+00  -2.9113103e+00  -8.2885638e+00  -3.5829950e-01  -1.1111323e+01  -2.4887172e-01  -2.2545103e-01  -1.0681379e-01  -4.9281267e+00  -3.3439396e+00  -1.3756413e+00  -1.5491927e-01  -3.4152660e+00  -7.3950343e-02  -1.3201746e+01
  -1.5134300e+01  -1.9345253e+00  -1.1846113e+01  -5.4910958e+00  -1.0072337e+01  -2.9495861e+00  -8.5142945e+00  -3.6406498e-01  -1.1303574e+01  -2.5441931e-01  -2.2717241e-01  -1.0697931e-01  -4.9696784e+00  -3.3850610e+00  -1.3853241e+00  -1.5641917e-01  -3.4664739e+00  -7.5342933e-02  -1.3426875e+01
  -1.5335700e+01  -1.9405292e+00  -1.1943688e+01  -5.5915443e+00  -1.0213149e+01  -2.9814483e+00  -8.7424667e+00  -3.6536859e-01  -1.1489208e+01  -2.5638896e-01  -2.2902207e-01  -1.0660690e-01  -5.0037456e+00  -3.4170932e+00  -1.3953103e+00  -1.5722197e-01  -3.5158462e+00  -7.5617839e-02  -1.3706094e+01
  -1.5583726e+01  -1.9375019e+00  -1.2370660e+01  -5.6665511e+00  -1.0353210e+01  -3.0114342e+00  -8.9314632e+00  -3.6682964e-01  -1.1606438e+01  -2.5962992e-01  -2.2986207e-01  -1.0733793e-01  -5.0424564e+00  -3.4355539e+00  -1.4049379e+00  -1.5814141e-01  -3.5695871e+00  -7.6432871e-02  -1.3855867e+01
  -1.5746090e+01  -1.9429990e+00  -1.2785312e+01  -5.8130758e+00  -1.0400628e+01  -3.0522895e+00  -9.0878165e+00  -3.7083805e-01  -1.1790133e+01  -2.5997655e-01  -2.3169517e-01  -1.0811035e-01  -5.0780019e+00  -3.4487756e+00  -1.4142345e+00  -1.5920948e-01  -3.6146279e+00  -7.6672437e-02  -1.4034499e+01
  -1.5997940e+01  -1.9461311e+00  -1.2997249e+01  -5.8931728e+00  -1.0550097e+01  -3.1104687e+00  -9.1781745e+00  -3.7697377e-01  -1.1904732e+01  -2.6284414e-01  -2.3339862e-01  -1.0863448e-01  -5.1159362e+00  -3.4865177e+00  -1.4232275e+00  -1.6027037e-01  -3.6709621e+00  -7.7927891e-02  -1.4261433e+01
  -1.6176649e+01  -1.9512893e+00  -1.3255682e+01  -5.9471606e+00  -1.0701358e+01  -3.1587584e+00  -9.2678644e+00  -3.8194319e-01  -1.2077834e+01  -2.6536000e-01  -2.3431862e-01  -1.0896552e-01  -5.1490189e+00  -3.5302933e+00  -1.4318896e+00  -1.6079784e-01  -3.7022882e+00  -7.8072875e-02  -1.4375679e+01
  -1.6324842e+01  -1.9614469e+00  -1.3606994e+01  -6.0042632e+00  -1.0806905e+01  -3.1993376e+00  -9.3770882e+00  -3.8662968e-01  -1.2198367e+01  -2.6840551e-01  -2.3562069e-01  -1.0924138e-01  -5.1896023e+00  -3.5669949e+00  -1.4402482e+00  -1.6129591e-01  -3.7569063e+00  -7.8890554e-02  -1.4551568e+01
  -1.6519349e+01  -1.9575317e+00  -1.3856942e+01  -6.0770811e+00  -1.0931079e+01  -3.2251172e+00  -9.4744984e+00  -3.9076326e-01  -1.2442414e+01  -2.7024138e-01  -2.3716000e-01  -1.0926897e-01  -5.2486422e+00  -3.5967908e+00  -1.4482758e+00  -1.6180648e-01  -3.7929189e+00  -7.8714878e-02  -1.4775000e+01
  -1.6810392e+01  -1.9637686e+00  -1.4178742e+01  -6.2313746e+00  -1.1089145e+01  -3.2684274e+00  -9.5895265e+00  -3.9491038e-01  -1.2620607e+01  -2.7234207e-01  -2.3846069e-01  -1.0940690e-01  -5.3719747e+00  -3.6383223e+00  -1.4559724e+00  -1.6347591e-01  -3.8276320e+00  -7.9422448e-02  -1.4834661e+01
  -1.6975005e+01  -1.9732696e+00  -1.4534766e+01  -6.3564231e+00  -1.1203156e+01  -3.3212274e+00  -9.7204292e+00  -3.9527576e-01  -1.2732842e+01  -2.7443586e-01  -2.3978069e-01  -1.1032330e-01  -5.4057058e+00  -3.6678721e+00  -1.4632551e+00  -1.6391160e-01  -3.8673539e+00  -8.0102923e-02  -1.4991331e+01
  -1.7218126e+01  -1.9694602e+00  -1.4832274e+01  -6.4426879e+00  -1.1298169e+01  -3.3619723e+00  -9.8321084e+00  -3.9619214e-01  -1.2841251e+01  -2.7719954e-01  -2.3985942e-01  -1.1099379e-01  -5.5118144e+00  -3.7014628e+00  -1.4701793e+00  -1.6400890e-01  -3.9363440e+00  -8.0613524e-02  -1.5000889e+01
  -1.7345643e+01  -1.9762743e+00  -1.5047807e+01  -6.4749933e+00  -1.1425343e+01  -3.4318481e+00  -9.9341100e+00  -3.9994345e-01  -1.2913693e+01  -2.7877605e-01  -2.4089380e-01  -1.1151209e-01  -5.5655721e+00  -3.7479654e+00  -1.4767448e+00  -1.6411874e-01  -3.9774653e+00  -8.1531138e-02  -1.5094461e+01
  -1.7603493e+01  -1.9822797e+00  -1.5396552e+01  -6.5444444e+00  -1.1524868e+01  -3.4759587e+00  -1.0069298e+01  -4.0382650e-01  -1.3040665e+01  -2.7955445e-01  -2.4214345e-01  -1.1145383e-01  -5.5954755e+00  -3.8938177e+00  -1.4829793e+00  -1.6422838e-01  -4.0320811e+00  -8.2166257e-02  -1.5128858e+01
  -1.7852843e+01  -1.9847592e+00  -1.5505862e+01  -6.6555536e+00  -1.1671199e+01  -3.5176549e+00  -1.0166577e+01  -4.0656039e-01  -1.3187753e+01  -2.8072554e-01  -2.4382069e-01  -1.1142545e-01  -5.6242204e+00  -3.9365467e+00  -1.4889379e+00  -1.6452594e-01  -4.0758708e+00  -8.2724849e-02  -1.5364499e+01
  -1.8045754e+01  -1.9920362e+00  -1.5634254e+01  -6.7757051e+00  -1.1844405e+01  -3.5537790e+00  -1.0274734e+01  -4.1007123e-01  -1.3391247e+01  -2.8260705e-01  -2.4478622e-01  -1.1193103e-01  -5.6519169e+00  -3.9256189e+00  -1.4947034e+00  -1.6532242e-01  -4.1199236e+00  -8.4398829e-02  -1.5479661e+01
  -1.8259341e+01  -2.0073668e+00  -1.5731180e+01  -6.8763254e+00  -1.1998533e+01  -3.5846341e+00  -1.0349605e+01  -4.1136380e-01  -1.3560428e+01  -2.8473368e-01  -2.4653104e-01  -1.1222015e-01  -5.7096858e+00  -3.9130065e+00  -1.5002758e+00  -1.6656667e-01  -4.1527472e+00  -8.4960576e-02  -1.5643815e+01
  -1.8423334e+01  -2.0175021e+00  -1.5904585e+01  -6.9670966e+00  -1.2047770e+01  -3.6137103e+00  -1.0445520e+01  -4.1355772e-01  -1.3804780e+01  -2.8560680e-01  -2.4840700e-01  -1.1238027e-01  -5.7864305e+00  -3.9481435e+00  -1.5056827e+00  -1.6720031e-01  -4.2035143e+00  -8.5630229e-02  -1.5745539e+01
  -1.8607507e+01  -2.0118121e+00  -1.6173769e+01  -7.0744962e+00  -1.2110312e+01  -3.6424135e+00  -1.0522444e+01  -4.1559649e-01  -1.4006639e+01  -2.8662250e-01  -2.4868610e-01  -1.1200831e-01  -5.8238264e+00  -3.9535759e+00  -1.5109517e+00  -1.6767390e-01  -4.2543481e+00  -8.6286651e-02  -1.5824267e+01
  -1.8824646e+01  -2.0126296e+00  -1.6177729e+01  -7.1788530e+00  -1.2156774e+01  -3.6806758e+00  -1.0592906e+01  -4.2008087e-01  -1.4184378e+01  -2.8808043e-01  -2.4926483e-01  -1.1209655e-01  -5.8938706e+00  -3.9715908e+00  -1.5161103e+00  -1.6833939e-01  -4.2963032e+00  -8.5871573e-02  -1.5902279e+01
  -1.9112515e+01  -2.0202523e+00  -1.6448594e+01  -7.2628468e+00  -1.2355432e+01  -3.7164689e+00  -1.0651244e+01  -4.2369019e-01  -1.4375478e+01  -2.8972251e-01  -2.5063310e-01  -1.1194483e-01  -5.9727091e+00  -4.0538369e+00  -1.5211034e+00  -1.6879920e-01  -4.3395356e+00  -8.6630951e-02  -1.5926557e+01
