0	0
0.122	-0.16
0.192	-0.16
0.296	-0.16
0.365	-0.16
0.435	-0.16
0.504	-0.17
0.574	-0.17
0.643	-0.17
0.712	-0.18
0.782	-0.18
0.851	-0.19
0.921	-0.19
0.99	-0.2
1.06	-0.2
1.129	-0.2
1.199	-0.21
1.268	-0.21
1.372	-0.22
1.442	-0.22
1.511	-0.23
1.581	-0.23
1.65	-0.24
1.72	-0.24
1.789	-0.24
1.859	-0.25
1.928	-0.25
1.997	-0.26
2.067	-0.26
2.136	-0.27
2.206	-0.27
2.275	-0.27
2.345	-0.28
2.414	-0.29
2.484	-0.32
2.553	-0.35
2.623	-0.38
2.692	-0.41
2.762	-0.44
2.831	-0.47
2.901	-0.51
2.97	-0.54
3.039	-0.57
3.109	-0.6
3.178	-0.63
3.248	-0.67
3.317	-0.7
3.387	-0.73
3.456	-0.76
3.526	-0.8
3.595	-0.83
3.665	-0.86
3.734	-0.89
3.803	-0.93
3.873	-0.96
3.942	-0.99
4.012	-1.02
4.081	-1.06
4.151	-1.09
4.22	-1.12
4.29	-1.15
4.359	-1.19
4.429	-1.22
4.498	-1.25
4.568	-1.28
4.637	-1.32
4.707	-1.36
4.776	-1.43
4.845	-1.52
4.915	-1.6
4.984	-1.69
5.054	-1.77
5.123	-1.86
5.193	-1.94
5.262	-2.03
5.332	-2.11
5.401	-2.2
5.47	-2.28
5.54	-2.37
5.609	-2.45
5.679	-2.54
5.748	-2.62
5.818	-2.71
5.887	-2.79
5.957	-2.88
6.026	-2.96
6.096	-3.05
6.165	-3.13
6.235	-3.22
6.304	-3.3
6.373	-3.39
6.443	-3.47
6.512	-3.56
6.582	-3.64
6.651	-3.73
6.721	-3.81
6.79	-4.01
6.86	-4.46
6.929	-4.93
6.999	-5.39
7.068	-5.86
7.138	-6.32
7.207	-6.78
7.277	-7.25
7.346	-7.71
7.415	-8.17
7.485	-8.64
7.554	-9.1
7.624	-9.57
7.693	-10.03
7.763	-10.49
7.832	-10.96
7.902	-11.43
7.971	-11.97
8.04	-12.57
8.11	-13.17
8.179	-13.78
8.249	-14.53
8.318	-15.39
8.388	-16.26
8.457	-17.13
8.527	-17.99
8.596	-18.86
8.7	-20.16
8.805	-21.46
8.978	-24.99
9.082	-26.87
9.187	-28.77
9.291	-30.59
9.395	-32.18
9.499	-33.35
9.603	-34.17
9.708	-35.28
9.812	-36.5
9.916	-37.87
10.02	-39.28
10.124	-40.69
10.229	-42.1
10.333	-43.5
10.437	-44.92
10.541	-46.39
10.645	-48.04
10.749	-49.92
10.854	-51.92
10.958	-54.02
11.062	-56.15
11.166	-58.2
11.27	-59.56
11.375	-60.49
11.479	-61.11
11.583	-61.43
11.687	-61.73
11.791	-62.02
11.896	-62.3
12	-62.58
12.104	-62.88
12.208	-63.24
12.312	-63.81
12.417	-64.75
12.521	-65.89
12.625	-67.06
12.729	-68.22
12.833	-69.38
12.937	-70.54
13.042	-71.71
13.146	-72.87
13.25	-74.03
13.354	-75.19
13.458	-76.36
13.563	-77.52
13.667	-78.71
13.771	-80.19
13.875	-82.67
13.979	-86.14
14.084	-89.74
14.188	-93.34
14.292	-96.94
14.396	-100.53
14.5	-103.1
14.605	-102.66
14.709	-101.48
14.813	-100.29
14.917	-99.44
15.021	-99.5
15.125	-100.39
15.203	-101.82
15.334	-103.96
15.438	-106.7
15.542	-109.1
15.646	-111.08
15.751	-112.84
15.855	-114.53
15.959	-116.18
16.063	-117.79
16.167	-119.3
16.272	-120.66
16.376	-121.9
16.48	-122.9
16.584	-123.45
16.688	-123.61
16.792	-123.59
16.897	-123.51
17.001	-123.42
17.105	-123.31
17.209	-123.19
17.313	-123.07
17.418	-122.93
17.522	-122.8
17.626	-122.68
17.73	-122.56
17.834	-122.47
17.939	-122.41
18.043	-122.4
18.147	-122.43
18.251	-122.52
18.355	-122.7
18.46	-123.01
18.564	-123.44
18.668	-123.95
18.772	-124.5
18.876	-125.07
18.98	-125.65
19.085	-126.23
19.189	-126.81
19.293	-127.41
19.397	-128.02
19.501	-128.66
19.606	-129.34
19.71	-130.04
19.814	-130.75
19.918	-131.44
20.022	-132.11
20.127	-132.73
20.231	-133.32
20.335	-133.82
20.439	-134.15
20.543	-134.28
20.648	-134.28
20.786	-134.18
20.925	-134.04
21.064	-133.9
21.203	-133.76
21.342	-133.62
21.481	-133.47
21.62	-133.33
21.759	-133.19
21.898	-133.04
22.037	-132.9
22.176	-132.76
22.419	-132.51
22.558	-132.37
22.697	-132.23
22.836	-132.08
22.974	-131.94
23.113	-131.8
23.252	-131.66
23.391	-131.51
23.53	-131.37
23.669	-131.23
23.808	-131.09
23.947	-130.94
24.086	-130.8
24.225	-130.66
24.364	-130.52
24.503	-130.38
24.641	-130.23
24.78	-130.09
24.919	-129.95
25.058	-129.81
25.197	-129.67
25.336	-129.52
25.475	-129.38
25.614	-129.24
25.753	-129.1
25.892	-128.95
26.065	-128.78
26.239	-128.6
26.413	-128.42
26.586	-128.24
26.76	-128.07
26.934	-127.89
27.107	-127.71
27.281	-127.53
27.455	-127.36
27.628	-127.18
27.802	-127
27.976	-126.82
28.149	-126.65
28.323	-126.47
28.497	-126.29
28.67	-126.12
28.844	-125.94
29.017	-125.76
29.191	-125.57
29.365	-125.17
29.538	-123.92
29.712	-120.9
29.886	-115.37
30.059	-108.53
30.233	-101.67
30.407	-94.82
30.58	-88.78
30.754	-85.1
30.928	-83.24
31.101	-82.23
31.275	-81.48
31.449	-80.8
31.622	-80.13
31.796	-79.46
31.97	-78.8
32.143	-78.13
32.317	-77.46
32.49	-76.8
32.803	-75.6
32.977	-74.94
33.15	-74.27
33.324	-73.61
33.498	-72.95
33.671	-72.31
33.845	-71.68
34.019	-71.07
34.192	-70.46
34.366	-69.85
34.54	-69.24
34.713	-68.63
34.783	-68.39
34.809	-85.133
34.939	-83.202
35.063	-81.468
35.317	-79.218
35.568	-77.986
35.819	-76.209
36.067	-74.108
36.315	-72.844
36.561	-72.340
36.64	-72.085
36.806	-71.336
37.049	-71.096
37.291	-73.905
37.531	-79.058
37.77	-84.269
38.008	-87.703
38.245	-88.334
38.48	-86.544
38.714	-84.185
38.946	-83.060
39.178	-83.316
39.192	-83.351
39.408	-83.790
39.637	-83.721
39.865	-83.224
40.091	-82.510
40.317	-81.907
40.541	-81.933
40.764	-81.931
40.865	-81.493
40.986	-80.541
41.208	-78.654
41.428	-78.721
41.647	-80.965
41.865	-83.454
42.082	-84.701
42.298	-84.434
42.513	-82.864
42.728	-80.408
42.941	-78.269
43.154	-78.026
43.366	-79.839
43.375	-79.937
43.577	-81.864
43.787	-82.475
43.997	-81.738
44.132	-80.945
44.206	-80.492
44.414	-79.317
44.622	-78.292
44.829	-77.232
45.036	-76.226
45.242	-75.639
45.266	-75.607
45.447	-75.592
45.653	-75.829
45.858	-75.757
46.023	-75.083
46.062	-74.849
46.266	-73.651
46.47	-73.795
46.674	-76.293
46.877	-80.338
47.08	-84.070
47.157	-85.063
47.283	-86.075
47.486	-86.565
47.689	-86.968
47.892	-88.147
47.914	-88.304
48.095	-89.421
48.298	-89.455
48.405	-88.728
48.568	-86.784
48.616	-86.087
48.731	-84.336
48.894	-81.955
48.937	-81.388
49.058	-79.975
49.222	-78.544
49.386	-77.676
49.418	-77.566
49.551	-77.274
49.715	-77.140
49.739	-77.128
49.881	-77.047
50.047	-76.818
50.213	-76.271
50.221	-76.233
50.38	-75.199
50.541	-73.736
50.547	-73.679
50.622	-72.995
50.884	-71.691
51.023	-71.783
51.054	-71.836
51.224	-71.994
51.305	-71.882
51.395	-71.580
51.567	-70.600
51.729	-69.398
51.74	-69.309
51.914	-67.692
52.005	-66.634
52.089	-65.497
52.265	-62.678
52.419	-60.067
52.442	-59.702
52.62	-57.512
52.708	-57.067
52.83	-57.393
53.042	-60.500
53.193	-63.833
53.255	-65.203
53.469	-68.988
53.516	-69.553
53.597	-70.302
53.685	-70.838
53.903	-71.333
54.001	-71.310
54.123	-71.120
54.324	-70.580
54.344	-70.530
54.568	-70.418
54.793	-71.059
54.89	-71.213
54.891	-71.213
55.02	-71.044
55.052	-70.944
55.249	-70.339
55.48	-71.173
55.536	-71.716
55.538	-71.737
55.714	-73.975
55.949	-77.239
56.183	-79.890
56.184	-79.899
56.187	-79.925
56.428	-80.737
56.67	-77.806
56.83	-73.649
56.831	-73.620
56.915	-71.075
57.163	-64.731
57.414	-62.543
57.476	-62.461
57.477	-62.460
57.667	-62.287
57.922	-61.494
58.095	-61.169
58.096	-61.169
58.181	-61.287
58.443	-63.026
58.567	-64.284
58.568	-64.294
58.707	-65.657
58.975	-67.432
59.039	-67.605
59.04	-67.606
59.245	-67.266
59.511	-65.010
59.512	-64.999
59.519	-64.926
59.796	-62.585
60.076	-63.472
60.101	-63.746
60.102	-63.758
60.36	-67.355
60.455	-68.487
60.456	-68.497
60.573	-69.384
60.647	-69.668
60.927	-70.310
60.928	-70.315
60.938	-70.362
61.232	-72.373
61.399	-73.110
61.4	-73.113
61.53	-73.633
61.832	-78.421
61.94	-81.400
61.94	-81.400
62.102	-85.695
62.254	-88.627
62.396	-90.482
62.397	-90.494
62.405	-90.585
62.556	-92.289
62.708	-94.150
62.859	-95.952
62.967	-96.980
62.968	-96.988
62.969	-96.996
63.011	-97.308
63.162	-98.039
63.314	-98.311
63.424	-98.373
63.425	-98.374
63.465	-98.390
63.617	-98.501
63.768	-98.776
63.881	-99.102
63.882	-99.105
63.919	-99.228
64.071	-99.723
64.222	-100.009
64.338	-99.964
64.339	-99.963
64.374	-99.900
64.525	-99.445
64.677	-98.916
64.795	-98.645
64.796	-98.644
64.828	-98.603
64.98	-98.569
65.131	-98.602
65.252	-98.443
65.252	-98.443
65.253	-98.441
65.282	-98.357
65.434	-97.557
65.585	-96.185
65.708	-94.801
65.737	-94.465
65.888	-92.826
66.04	-91.635
66.165	-91.149
66.166	-91.147
66.191	-91.106
66.343	-91.244
66.494	-91.976
66.622	-92.903
66.623	-92.911
66.645	-93.076
66.797	-93.982
66.948	-94.029
67.079	-93.405
67.08	-93.400
67.536	-94.408
67.537	-94.419
67.537	-94.419
67.992	-100.471
67.993	-100.477
68.335	-93.508
68.336	-93.463
68.906	-86.579
68.907	-86.601
69.081	-88.978
69.476	-85.726
69.477	-85.727
69.929	-91.865
69.93	-91.853
70.08	-86.494
70.919	-78.630
70.92	-78.625
71.748	-77.136
72.037	-82.598
72.038	-82.539
73.155	-76.543
73.156	-76.555
74.049	-109.389
74.273	-112.963
74.275	-112.802
75.67	-90.781
75.95	-85.760
75.952	-85.595
76.35	-50.141
77.068	-63.735
77.07	-63.708
78.186	-60.903
78.188	-60.928
79.035	-69.799
79.304	-72.506
79.305	-72.481
79.716	-58.220
79.717	-58.194
80.266	-55.059
80.266	-55.059
80.267	-55.059
80.815	-50.405
80.816	-50.391
81.364	-42.814
81.365	-42.807
81.914	-42.377
81.915	-42.379
82.463	-42.477
82.464	-42.476
83.013	-42.296
83.014	-42.301
83.014	-42.301
83.506	-43.110
83.631	-40.850
83.632	-40.827
84.249	-34.798
84.25	-34.816
84.386	-37.341
84.73	-40.187
84.867	-39.554
84.936	-38.968
85.004	-38.286
85.24	-35.963
85.554	-35.605
86.103	-54.784
86.378	-62.256
86.79	-66.100
87.065	-70.189
87.265	-73.026
87.477	-74.969
87.683	-75.836
88.057	-72.809
88.122	-70.862
88.779	-70.688
89.042	-71.686
89.437	-61.879
89.699	-59.436
89.823	-58.685
90.094	-56.333
90.291	-53.889
90.357	-53.107
90.751	-52.413
91.014	-54.223
91.149	-54.622
91.408	-54.135
91.671	-53.125
92.065	-54.827
92.328	-55.233
92.722	-55.016
92.919	-54.549
92.985	-54.199
93.379	-53.503
93.569	-53.546
93.642	-53.369
94.036	-52.853
94.299	-52.302
94.694	-50.502
94.956	-48.449
95.351	-46.369
95.548	-46.126
95.614	-46.059
95.978	-46.445
96.008	-46.464
96.271	-45.862
96.665	-45.327
96.928	-44.067
97.322	-41.707
97.585	-40.348
97.942	-39.812
97.979	-39.802
98.176	-39.362
98.242	-39.120
98.636	-39.000
98.899	-38.908
99.294	-38.711
99.556	-38.337
99.951	-38.274
100.117	-38.084
100.213	-37.794
100.608	-37.880
100.805	-35.980
100.982	-30.124
102.043	-41.286
102.751	-16.652
103.812	-38.693
104.52	-21.600
105.377	-44.192
105.459	-45.472
105.74	-40.447
106.163	-35.623
106.374	-34.250
106.444	-33.247
106.867	-26.835
107.148	-25.160
107.464	-23.661
107.57	-22.472
107.852	-20.113
108.274	-30.392
108.556	-38.360
108.978	-48.175
109.189	-52.574
109.26	-53.758
109.548	-56.978
109.682	-57.114
109.982	-54.156
110.433	-50.912
110.778	-42.936
111.251	-39.477
111.295	-39.460
111.64	-36.316
112.157	-43.666
112.416	-45.697
112.502	-44.800
112.52	-44.558
113.019	-40.628
113.364	-37.039
113.365	-37.026
113.882	-38.189
114.226	-36.449
114.744	-38.484
115.089	-36.925
115.175	-36.038
115.606	-36.980
115.865	-38.539
115.951	-38.487
116.111	-37.687
116.468	-33.826
116.813	-28.621
117.33	-28.815
117.675	-26.867
118.192	-27.316
118.433	-27.530
118.537	-26.569
119.054	-24.901
119.313	-23.300
119.399	-22.124
119.917	-18.408
120.262	-15.939
120.523	-13.460
120.779	-10.387
121.124	-6.976
121.641	-15.454
121.972	-15.295
121.986	-15.155
122.503	-11.937
122.504	-11.933
122.676	-10.947
122.762	-10.168
122.848	-9.252
123.02	-7.316
123.193	-5.567
123.365	-4.030
123.366	-4.022
123.42	-3.563
123.538	-2.623
123.71	-1.601
123.783	-1.373
123.883	-1.303
124.055	-1.786
124.145	-2.259
124.227	-2.762
124.228	-2.769
124.326	-3.411
124.507	-4.595
124.572	-4.997
124.745	-5.909
124.869	-6.289
125.09	-5.929
125.231	-4.923
125.594	-1.630
125.952	-1.051
125.956	-1.061
126.318	-2.344
126.68	-1.429
127.042	2.824
127.405	6.974
127.767	9.686
127.948	9.876
128.129	8.466
128.491	2.798
128.853	1.101
129.216	4.453
129.578	3.879
129.87386	-1.688
130.0218	-4.763
130.13704	-6.928
130.16973	-7.503
130.46559	-12.106
130.76227	-15.189
130.81458	-15.509
130.94371	-16.124
131.05814	-16.704
131.07285	-16.799
131.20198	-18.001
131.33193	-20.134
131.46107	-23.313
131.46188	-23.336
131.48068	-23.883
131.5902	-27.415
131.64986	-29.546
131.71934	-32.163
132.07159	-45.848
132.10674	-47.049
132.30044	-52.378
132.365	-53.684
132.42222	-54.709
132.75322	-60.690
132.77366	-61.130
133.01149	-66.450
133.12428	-68.814
133.3	-72.005
133.36809	-73.048
133.42042	-73.763
133.54647	-75.138
133.66239	-75.955
133.81319	-76.499
133.90379	-76.641
134.14576	-76.408
134.2583	-75.830
134.40292	-74.815
134.40967	-74.771
134.80526	-76.051
134.92905	-77.172
135.20816	-76.603
135.6105	-73.203
135.67015	-72.749
136.0134	-70.700
136.21429	-69.445
136.41124	-66.946
136.41574	-66.891
136.81864	-74.047
136.88898	-78.351
137.02966	-87.524
137.1		-91.279
137.3851	-89.096
138.24958	-100.019
138.44271	-111.688
138.63277	-111.380
138.99144	-108.531
139.25814	-101.039
140		-104.032
140.84032	-104.690
141.03818	-106.576
141.68064	-95.435
141.99256	-98.505
142.52096	-93.874
142.82589	-95.464
142.85732	-94.808
143.36128	-88.334
143.65923	-84.133
144.2016	-84.289
144.53796	-91.738
144.61128	-91.606
145.04308	-85.076
145.56101	-84.508
145.8834	-89.337
146.1348	-90.268
146.21976	-90.231
146.38736	-89.949
146.55612	-89.686
146.72372	-89.584
146.72488	-89.584
146.74583	-89.575
146.89132	-89.475
147.06008	-89.292
147.33708	-89.275
147.39644	-89.295
147.56404	-89.182
147.7328	-88.829
147.9004	-88.694
148.16343	-89.731
148.23676	-90.199
148.40436	-91.242
148.40552	-91.249
148.57312	-92.177
148.74072	-93.141
148.82452	-93.594
149.07708	-93.610
149.24584	-92.036
149.69393	-94.925
150.08616	-93.048
150.74841	-101.259
150.92648	-102.406
151.56661	-103.382
151.74352	-102.254
152.37434	-100.231
152.56289	-95.207
153.004		-89.024
