   1.9020000e+03  -2.2825008e-02  -2.1618129e-02  -1.7213425e-02  -3.6639032e-02  -2.9445428e-02   1.1072241e-02  -1.3095188e-02   7.3342463e-03  -4.9941726e-02  -1.2983740e-03   6.8520603e-03   5.1634920e-04  -6.6206508e-02  -8.0300520e-02  -3.6223376e-02  -3.9908087e-02  -1.0204552e-01  -5.6000073e-03
   1.9030000e+03  -1.8913763e-02  -2.5269623e-02  -1.7213648e-02  -2.4378443e-02  -4.0509840e-02   1.1766074e-02  -2.0396442e-02   4.9603642e-03  -3.9817570e-02   1.1621789e-03   6.9060654e-03  -1.9108152e-04  -1.5445374e-02  -6.8348342e-02  -5.7309007e-02  -5.0003228e-02  -4.2156550e-02   6.0395830e-04
   1.9040000e+03   1.1099173e-01  -1.5835055e-02  -1.7214091e-02  -4.1395141e-02  -1.2791546e-01  -1.4275250e-02  -2.2373254e-02  -7.0826112e-04  -4.3007357e-02  -1.1049433e-03  -7.1853419e-03   3.2992547e-04  -8.4345720e-02  -7.3645048e-02  -4.2080739e-02  -2.3528355e-02  -6.5284653e-02  -2.3928712e-02
   1.9050000e+03  -7.9044129e-02  -7.8421751e-02  -1.7214748e-02  -2.8970562e-02   6.0478866e-03  -7.9058607e-03  -3.8254769e-02  -3.3027076e-04  -4.1446807e-02  -4.2213683e-04  -6.0646212e-03  -3.5687877e-04  -6.0490479e-02  -7.6360572e-02  -3.4253422e-02  -3.7473947e-02  -6.0025847e-02  -4.2400540e-03
   1.9060000e+03  -4.4374364e-02  -4.8925252e-02  -1.7215617e-02  -2.2175343e-02  -9.1984533e-03   6.2472577e-03  -2.1699801e-02   7.8063511e-04  -4.3398162e-02  -3.1563281e-03  -2.7107915e-03  -1.2683668e-03  -8.8596543e-02  -6.9863264e-02  -4.4751455e-02  -4.1904024e-02  -9.8616319e-04  -2.1677638e-03
   1.9070000e+03  -6.1812853e-02  -3.6702929e-02  -1.7216693e-02  -2.7376766e-02   3.3405258e-02   3.1604566e-02  -2.2075652e-02   5.7907723e-03  -5.0394996e-02  -2.3842287e-03   1.2240420e-03  -7.9596542e-04  -4.3429147e-02  -6.0062285e-02  -4.0936284e-02  -2.8716137e-02  -1.1059556e-02  -6.9075497e-03
   1.9080000e+03   6.2986750e-02  -2.1222227e-02  -1.7217972e-02  -5.1776565e-02  -2.5193014e-01  -3.7358370e-03  -2.5739224e-02  -3.7973111e-03  -3.9387577e-02  -1.2490248e-03   5.4403084e-03  -1.0015102e-03  -9.3097693e-02  -7.6961151e-02  -6.1358788e-02  -3.4224742e-02  -3.8425660e-04  -1.5485657e-02
   1.9090000e+03   4.7803111e-02  -1.4941548e-02  -1.7219452e-02  -2.5553320e-02  -1.2090779e-01  -1.4786504e-02  -3.4363306e-02   3.4946174e-03  -4.3046508e-02  -3.9151122e-03   9.7411854e-03  -2.1267991e-03  -9.3217381e-02  -8.3164353e-02  -4.4216849e-02  -3.1027264e-02   2.4337655e-02  -1.3282005e-02
   1.9100000e+03  -1.6167169e-02  -3.2742735e-04  -1.7221127e-02  -4.2218124e-02  -9.7394953e-02   1.9311767e-03  -1.2407979e-02  -2.4415055e-03  -4.1924595e-02  -5.6857580e-03   1.6100126e-02  -1.0132383e-03  -8.6600515e-02  -6.6002352e-02  -3.3739965e-02  -3.2133248e-02   1.8811508e-02  -9.9051651e-03
   1.9110000e+03  -1.8802923e-02   1.8895282e-03  -1.7222994e-02  -4.0564525e-02  -7.7885513e-04  -5.3375483e-03  -3.0734195e-02  -3.6676943e-03  -4.3080469e-02  -5.2832244e-04  -1.4842891e-02   8.1454359e-04  -9.1994026e-02  -8.7193608e-02  -3.1286895e-02  -1.9777639e-02  -3.6720719e-02  -1.2054484e-02
   1.9120000e+03  -3.8605994e-02  -5.1332453e-02  -1.7225050e-02  -2.5472706e-02  -8.8057347e-02  -1.1288205e-02   2.5616202e-02  -6.2808624e-03   9.4356461e-03   1.9411035e-03   1.8810601e-02   7.6566807e-04  -7.3741776e-02  -6.5759598e-02  -3.1494941e-02  -5.8323530e-02  -3.8913780e-02   1.0574074e-03
   1.9130000e+03  -1.6103765e-02  -2.1106672e-02  -1.7227290e-02  -1.6094951e-02  -4.4623933e-02  -1.0157767e-02  -4.1031820e-02  -2.9655877e-03  -7.4435529e-02   5.4107729e-04   1.5274522e-02   1.8070751e-04  -8.0766615e-02  -5.7564424e-02  -2.4113698e-02  -3.9578292e-02  -3.3032766e-02   1.3801893e-03
   1.9140000e+03  -9.6709587e-02  -3.4717397e-02  -1.7229710e-02  -6.5516177e-03   2.6546877e-02  -2.4576122e-03  -2.0299137e-02  -3.3827200e-03  -9.1336956e-02  -2.3444343e-03   1.5292648e-02   1.3161574e-03  -1.3415706e-01  -9.6809391e-02  -2.7863672e-02  -5.6296707e-02  -2.5471955e-02  -1.3130007e-02
   1.9150000e+03  -3.5586538e-01  -1.0779495e-01  -1.7232308e-02  -3.6353670e-02  -6.2009961e-02   1.0892789e-03   1.4692730e-02   2.4816019e-03  -1.3406602e-01  -1.7963100e-03   7.5175504e-03   2.3464212e-03  -1.1827986e-01  -8.9614744e-02  -2.2283605e-02  -5.9968552e-02  -7.7613461e-03  -2.4317556e-03
   1.9160000e+03  -2.7557159e-03  -2.7373224e-02  -1.7235164e-02  -3.7754574e-02  -2.2750143e-01  -2.1194481e-02  -6.7277997e-03  -4.2064262e-03  -1.9895497e-02  -3.6942810e-03   1.5890074e-02  -6.0566849e-06  -1.3678441e-01  -9.8677238e-02  -4.4624762e-02  -4.1969537e-02  -2.7512806e-02  -1.6399489e-02
   1.9170000e+03  -2.3678557e-02  -3.0354347e-02  -1.7238692e-02  -6.4926777e-02  -2.2234769e-01  -4.5030210e-03   3.7474983e-02  -6.0324586e-03  -2.9612875e-04  -3.9661182e-03  -6.0216523e-03  -4.5328220e-04  -1.5028163e-01  -9.5090845e-02  -3.2322668e-02  -3.1774927e-02  -6.0881531e-02  -2.2316269e-02
   1.9180000e+03  -4.0036316e-02  -3.0321521e-02  -1.7242802e-02  -2.1179187e-02   4.8022557e-02   1.6160396e-02  -6.8805046e-02  -2.0507936e-04  -1.4773169e-02  -2.9633972e-03   4.8634351e-03  -2.1500845e-03  -1.1577790e-01  -9.2655817e-02  -3.6398370e-02  -2.9833144e-02  -7.8936881e-02  -2.1366456e-02
   1.9190000e+03  -3.9202160e-02  -2.0243110e-02  -1.7247273e-02  -2.9086849e-02  -4.6651956e-02   5.7393403e-04  -2.2760446e-02  -3.3952899e-03  -8.3701274e-02  -1.1404935e-03  -8.6083862e-04   5.7767127e-04  -7.4014814e-02  -7.3569228e-02  -4.7185468e-02  -5.8029750e-02  -4.1790010e-02  -3.4009772e-03
   1.9200000e+03   7.7907936e-02  -4.2539443e-03  -1.7251965e-02  -1.8389080e-02  -2.1500727e-02  -1.1511091e-02  -8.0367755e-02  -4.3990426e-03  -7.6043069e-02  -5.3935113e-03   7.7983971e-03  -3.6551725e-04  -4.5990904e-02  -4.1135200e-02  -4.2368396e-02  -3.5114092e-02  -3.8700439e-02  -1.9293608e-03
   1.9210000e+03  -9.9434008e-03   2.1631804e-03  -1.7256872e-02  -2.4518627e-02   4.5657417e-02   1.5332115e-03  -7.6943020e-02   7.7973805e-03  -8.1160363e-02  -2.1932422e-03  -1.8988360e-02  -1.0985111e-03  -2.6268102e-02  -5.9607756e-02  -3.7268197e-02  -2.7536734e-02  -4.8081564e-02  -5.0366642e-03
   1.9220000e+03   2.2978363e-02  -5.0774375e-02  -1.3904242e-02   1.0555728e-02   8.8313080e-02   3.3556381e-02  -1.6219285e-01  -9.0335997e-04  -9.8451163e-02  -2.9900211e-03   2.6622511e-03   1.6157963e-04  -5.6533134e-02  -6.2023146e-02  -3.7514729e-02  -3.5376015e-02  -3.8977795e-02  -4.6818098e-03
   1.9230000e+03  -1.9882949e-01  -6.8412327e-02  -2.5448861e-02  -3.3142790e-02   2.1466394e-02   8.0938679e-03  -5.2128916e-02   6.8320514e-03  -7.6791074e-02  -4.1808886e-03  -5.5468450e-03  -2.1795790e-03  -6.8769468e-02  -6.9893926e-02  -4.7618288e-02  -3.4262568e-02  -5.2873329e-02  -1.3012499e-02
   1.9240000e+03  -1.3862835e-02  -6.1505993e-02  -2.2609743e-02  -5.1631039e-02  -2.4969015e-02   6.9339176e-03  -1.0480049e-01  -4.7134418e-03  -4.9911629e-02  -3.2758722e-03   8.4116324e-03  -3.9865817e-03  -7.0166193e-02  -6.3569906e-02  -4.2145603e-02  -4.0736210e-02  -1.9465446e-02  -1.4394798e-02
   1.9250000e+03  -6.7556265e-02  -5.3448082e-02  -1.3700323e-02   2.7201841e-03  -1.4094434e-01   1.3994916e-03  -1.3426876e-01  -7.2552005e-03   4.3572954e-03  -1.4328016e-03   2.5857731e-03  -8.2726351e-04  -7.4046130e-02  -8.2779554e-02  -2.0816676e-02  -2.1780599e-02  -6.8512747e-02  -1.8603927e-02
   1.9260000e+03  -1.7728469e-01  -3.2715302e-02  -3.1963525e-02  -5.4035439e-02  -2.7420055e-01  -1.5060966e-02  -3.3887631e-03  -3.9196065e-03  -2.9508012e-03  -3.6637000e-03   1.0124352e-03   1.5873776e-03  -9.1519539e-02  -8.3437737e-02  -4.6366145e-02  -4.9776563e-02  -2.4767252e-02   2.5621700e-04
   1.9270000e+03  -1.1679803e-01  -3.6397317e-02  -2.1018865e-02  -3.2701125e-02  -4.0686941e-01  -5.8229021e-03  -7.5510854e-02  -3.8637872e-03  -2.8218284e-02  -2.5756220e-03   8.5022155e-04  -2.2783502e-03  -8.2208807e-02  -7.5420630e-02  -4.1211160e-02  -5.4182936e-02  -2.6065808e-02  -9.9160551e-03
   1.9280000e+03   1.5179553e-02  -3.3382029e-02  -2.3672398e-02  -5.8916144e-02  -4.0586454e-01  -1.9537173e-02  -1.2305434e-02   5.2674320e-03  -7.2853312e-02  -1.1418328e-03  -2.1757462e-02  -6.3364015e-04  -5.8369971e-02  -7.9691596e-02  -4.7066180e-02  -5.3703237e-02  -3.3887200e-02  -5.6051246e-03
   1.9290000e+03   2.2936627e-02  -3.6208673e-02  -1.6944173e-02  -5.1259917e-02  -4.5039161e-01  -6.3389171e-03   2.2760038e-02   2.9353551e-03  -2.7647743e-02  -2.9040883e-03  -1.7652384e-02  -2.3056278e-03  -6.0492044e-02  -8.4834487e-02  -3.5969797e-02  -5.1558343e-02  -6.8683128e-02  -1.1719889e-02
   1.9300000e+03  -5.4534455e-02  -3.3095693e-02  -2.9724692e-02   1.7031767e-02  -1.7801398e-01  -1.3045552e-02  -1.3184689e-01  -1.0293609e-02  -4.8393212e-02  -2.9118858e-03  -3.4780788e-03  -1.8051069e-03  -4.9819509e-02  -7.2691319e-02  -3.9451330e-02  -4.1595512e-02  -3.3274651e-02  -8.2574630e-03
   1.9310000e+03  -2.8405272e-02  -2.9049013e-02  -1.3898141e-01  -1.6740540e-01  -6.8713417e-01  -8.2491483e-03  -6.6711307e-02   2.6517929e-03  -1.6091310e-01  -6.9838346e-03   3.6175558e-03  -1.1716468e-03  -4.9075769e-02  -5.8696430e-02  -4.0359916e-02  -4.1553723e-02  -4.7016045e-02  -1.4695320e-03
   1.9320000e+03   2.6483327e-02  -1.2078622e-02  -3.9487293e-03  -3.2063429e-02  -5.2441898e-01  -8.6383419e-03  -5.0276433e-02   3.6310224e-03  -1.1124236e-01  -1.6668262e-03  -1.1801933e-02   5.3762733e-04  -5.7164332e-02  -8.6729817e-02  -4.8322754e-02  -4.2963203e-02  -5.6872633e-02  -5.5593096e-03
   1.9330000e+03   7.8294871e-03   1.2430726e-02  -5.6193799e-03  -3.3991917e-02  -5.1484946e-01  -3.6979268e-02  -7.2546121e-02  -1.1864683e-02  -4.6159582e-02  -4.6454828e-03  -3.8862822e-03   9.3770446e-04  -1.0222996e-01  -7.4631387e-02  -3.6395504e-02  -3.9197041e-02  -2.6901827e-02  -1.4454354e-02
   1.9340000e+03   1.3545176e-02  -1.7171487e-02  -2.3373694e-02  -3.6878534e-02  -4.3988885e-01  -1.8834621e-02  -1.6532617e-01  -1.0201747e-02  -1.5326868e-02  -3.1226335e-03  -6.1227764e-03   1.9203735e-05  -3.0334246e-02  -6.5674843e-02  -3.6752922e-02  -3.1291169e-02  -1.2797457e-02  -3.3963803e-03
   1.9350000e+03   4.4134676e-02  -1.0827100e-02  -3.6770532e-02  -5.5070559e-02  -2.4353473e-01  -1.5957438e-02  -8.6616757e-02   1.6889757e-04  -2.1893400e-02  -5.2231902e-03  -6.5465916e-03  -2.1216684e-03  -8.1752163e-02  -5.9467695e-02  -5.1217341e-02  -3.8554820e-02  -4.1508332e-02  -1.7151590e-02
   1.9360000e+03  -8.3876517e-02  -5.6081498e-02  -3.2090458e-02  -6.9548683e-02  -5.8870306e-01  -3.5150781e-02  -3.7165678e-02  -1.1457139e-02  -1.1747217e-01  -2.9992970e-03   9.3024121e-03  -3.4142939e-04  -6.6588891e-02  -6.0269425e-02  -3.3422107e-02  -3.8492800e-02  -2.4745992e-02  -9.7983361e-03
   1.9370000e+03  -5.8885204e-02  -4.4888869e-02  -4.3069328e-02  -1.6841443e-02  -1.3861156e-01  -1.5793730e-02  -1.2619745e-01  -1.1655580e-02  -7.3957224e-02  -3.7673979e-04  -3.3292830e-03  -6.1344528e-04  -7.6758740e-02  -6.1198571e-02  -4.8320871e-02  -3.7512671e-02  -7.5901284e-03  -4.6182548e-03
   1.9380000e+03  -9.6643853e-02  -6.5732492e-02  -4.4755745e-02  -3.0508451e-02  -4.9707845e-02  -8.5516967e-03  -9.6423840e-02  -4.6979495e-03  -8.4423656e-02   3.5448587e-04  -4.6193034e-03  -2.3316721e-03  -7.4914216e-02  -6.4430077e-02  -3.4860863e-02  -4.8422849e-02   1.4696092e-02  -1.2779531e-02
   1.9390000e+03   1.2159084e-02  -1.3814460e-02  -2.4707256e-02  -7.8324046e-03  -2.2225822e-01  -4.1112473e-02  -1.0466721e-01  -7.4906337e-03  -3.5377273e-03  -1.2520568e-03   3.7667754e-03  -7.7787896e-04  -1.0028915e-01  -7.4892545e-02  -4.5794101e-02  -3.8835667e-02  -4.9830068e-03  -9.5777277e-03
   1.9400000e+03  -1.1486970e-01  -5.0660812e-02  -2.0001579e-02  -1.0131742e-02  -1.6765101e-01  -2.1034303e-02  -2.5554655e-02  -3.3782597e-03  -1.4774166e-01  -1.1576052e-03   1.1988891e-02  -1.6488625e-04  -9.4624544e-02  -6.3233174e-02  -4.3260149e-02  -4.6220050e-02  -3.4142524e-02  -5.2842058e-03
   1.9410000e+03  -1.4541576e-01  -5.7544026e-02  -2.1802379e-03   5.5739287e-03  -2.7087131e-01  -4.2953540e-02  -4.9395101e-02  -5.6093052e-03  -3.3980085e-02  -1.7217785e-03   4.0936727e-03   6.4653167e-04  -9.9928249e-02  -8.0333432e-02  -5.1145412e-02  -4.6088887e-02  -2.6002567e-02  -6.6504135e-03
   1.9420000e+03  -2.0606050e-01  -6.1046795e-02   9.6872328e-03   1.6388427e-03  -2.3757264e-01  -1.2602554e-02  -2.7762249e-02  -2.9334047e-04  -4.9699699e-02  -2.0054052e-03  -1.2876437e-02   2.5371974e-04  -7.1386085e-02  -5.9128655e-02  -4.0421478e-02  -5.1919882e-02   1.0367055e-04  -1.0413702e-03
   1.9430000e+03  -1.3982146e-01  -2.3038964e-02  -3.2099394e-02  -4.3322299e-02  -1.7586541e-01   1.0011469e-02  -9.6580809e-03   1.4374015e-03  -1.4325981e-01  -9.5528169e-04  -1.6656061e-02   3.3886828e-05  -8.6170435e-02  -7.4102392e-02  -4.3120788e-02  -6.1696107e-02  -5.1104397e-02  -1.6007679e-03
   1.9440000e+03  -1.2763816e-01  -6.1452541e-02  -1.9233586e-02  -7.7977763e-02  -2.0022231e-01  -3.7122054e-03   3.0786911e-03  -2.0409234e-05  -1.1443350e-02  -1.9335840e-03  -1.2295693e-02   1.5051187e-03  -1.1501166e-01  -7.6195615e-02  -5.2164680e-02  -5.6643119e-02  -8.6216640e-02  -4.9943681e-03
   1.9450000e+03  -5.5524156e-02  -4.8229768e-02  -1.3726839e-02  -1.9857170e-02  -1.0263445e-01  -2.4692600e-02  -2.5084753e-02  -6.1700202e-03  -8.2356562e-02  -4.6381959e-03  -1.5666440e-02   7.8216288e-04  -9.7951120e-02  -6.4745305e-02  -5.2631243e-02  -5.5764340e-02  -5.5940603e-02  -2.5397636e-03
   1.9460000e+03  -1.7519483e-01  -3.6565390e-02   6.6986368e-04   5.7828897e-03  -1.8671203e-01  -2.7022840e-02  -7.2638460e-02  -6.1228756e-03  -4.9083257e-02   1.1633975e-03  -6.4372116e-03  -7.5366472e-04  -7.5747820e-02  -8.4373618e-02  -4.8589776e-02  -4.4794345e-02  -2.0206574e-02   1.5356943e-03
   1.9470000e+03  -1.0699147e-01  -3.0143917e-02  -5.1687235e-02  -6.3572074e-02  -3.7619204e-01  -4.1867664e-02  -2.2855520e-02  -1.2357919e-02  -1.3194938e-02   3.1874744e-04  -2.9278606e-02   2.1214538e-04  -1.0164407e-01  -8.0724121e-02  -5.9008752e-02  -2.9481190e-02  -2.2914940e-02   2.8156546e-03
   1.9480000e+03  -6.7114653e-02  -2.3566261e-02  -1.4978366e-01  -1.1620638e-01  -3.8717202e-01  -1.4060695e-03   1.7935658e-02  -1.1997914e-03  -3.7029832e-02  -1.9974839e-03   7.2453102e-03  -9.1881385e-04  -7.8770945e-02  -5.3876693e-02  -4.6655859e-02  -2.3055202e-02  -3.3403825e-02  -4.6500632e-03
   1.9490000e+03   9.4226198e-04  -2.2665352e-02  -1.2927431e-01  -6.9286645e-02  -3.8755920e-01  -3.2808690e-03   1.4862962e-02   1.7389913e-03   2.3920287e-04  -3.2301916e-03  -1.6440242e-02  -1.2682811e-04  -4.1552976e-02  -5.2679655e-02  -3.0429968e-02  -2.2129790e-02  -2.6937713e-02  -1.3255444e-03
   1.9500000e+03  -1.2123344e-01  -1.5810360e-02  -2.3420653e-01  -5.1733779e-02  -1.8099852e-01  -1.1372043e-02  -6.9170250e-02  -7.1398678e-03  -1.7050728e-02  -7.0738992e-04  -1.8159437e-02  -4.9372722e-04  -7.5554298e-02  -3.6605805e-02  -3.0977972e-02  -1.1500582e-02  -4.3692580e-02  -6.0531993e-04
   1.9510000e+03  -1.7622266e-01  -1.6316612e-02  -8.2817914e-04  -2.2425804e-02  -5.2189823e-02  -2.0362341e-02  -3.2385761e-02  -4.7932537e-03  -2.0892314e-02  -3.3849373e-03   8.3309592e-04  -3.8450652e-04  -6.2446830e-02  -4.9491140e-02  -3.8974134e-02  -7.0083926e-03   1.8025749e-02  -6.8162473e-03
   1.9520000e+03  -1.5547978e-02  -2.2618837e-02  -1.4650246e-01  -6.3754754e-02  -3.5925744e-02   4.4833689e-03  -3.6013168e-03   3.8218334e-03  -2.9727734e-02  -3.7116155e-03  -7.7633460e-03   6.6288607e-04  -4.8143167e-02  -5.7685176e-02  -3.2266653e-02  -1.9128100e-02  -4.5304200e-02  -3.1043488e-03
   1.9530000e+03  -2.1676683e-01  -3.1728777e-02   6.8029154e-03  -2.7189627e-02  -1.0632958e-01  -3.4316737e-02  -1.1228526e-01  -7.7356100e-03  -1.7223869e-01  -2.0657646e-03  -9.2259614e-04  -9.5422340e-04  -7.5875584e-02  -6.1812120e-02  -4.5801077e-02  -1.2055910e-02  -6.8186768e-02  -5.7563863e-03
   1.9540000e+03  -1.0570660e-01   3.4276886e-03  -2.3216043e-01  -7.5271858e-02  -1.3148275e-01  -2.1877411e-03  -5.6900872e-02  -4.6476922e-03  -1.2445136e-01  -9.1044939e-04   5.3991609e-03  -2.1058529e-03  -1.6936548e-02  -3.9922779e-02  -3.1240336e-02  -1.2083783e-02  -1.6764320e-02  -4.3695728e-03
   1.9550000e+03   1.6454187e-02  -6.7405086e-03   5.3948335e-02  -9.8537738e-02   7.2200049e-02  -1.8503638e-02  -3.2656664e-02  -1.7895268e-03  -4.9564144e-02  -1.5153574e-03   5.8971785e-03  -1.5326659e-03  -5.8620819e-02  -5.4902998e-02  -3.1171428e-02  -4.3655811e-03   4.8321068e-03  -6.1963221e-03
   1.9560000e+03  -1.8541449e-02  -2.1692358e-02  -1.8680954e-01  -2.0213735e-02  -1.4816894e-01  -6.9745664e-03  -4.7851918e-02   1.4014736e-03  -5.5254044e-02   3.3718080e-04   3.9781290e-03   2.2149766e-03  -9.1084827e-02  -6.8442646e-02  -3.2273468e-02  -6.8428637e-03   1.6294253e-04  -9.0629929e-03
   1.9570000e+03  -1.8536929e-01  -2.3138076e-02  -2.6112856e-01  -6.9670884e-02  -1.9562891e-01  -8.4614805e-03  -5.1631666e-02   3.0238232e-03  -1.5520573e-01  -1.2042000e-03   4.3524259e-03  -2.9922336e-03  -4.8966708e-02  -2.9856080e-02  -3.7835682e-02  -1.1835390e-02  -6.5732686e-02  -1.1103914e-02
   1.9580000e+03  -2.1787829e-01  -6.5067228e-02  -1.5141415e-01  -4.6602803e-02  -1.7903721e-01  -1.6953749e-02  -1.4036038e-02  -2.3092039e-03  -4.7857116e-02   1.2859378e-03  -5.1072132e-03   9.6882334e-04  -3.9621113e-02  -5.2060611e-02  -4.6114339e-02  -2.1082799e-02  -2.7060037e-02  -2.7447332e-03
   1.9590000e+03  -4.7824450e-02   1.0732546e-03  -4.6627818e-02  -6.2228378e-02   2.2629565e-02  -2.4527596e-02  -1.6933217e-02  -3.0188971e-03  -1.3793278e-01  -2.6863474e-03  -2.7870268e-03   1.7977393e-03  -6.1283565e-02  -5.1986980e-02  -3.3277823e-02  -1.5328413e-02  -1.9971237e-02  -4.6317909e-03
   1.9600000e+03  -4.0109866e-02  -8.8000170e-03  -3.1005522e-01  -1.0174016e-01  -2.1609306e-01  -3.9822051e-02  -9.3853721e-02  -1.0848741e-02  -5.4467804e-02  -5.5836608e-04   1.1951371e-02   1.4765640e-03  -5.3134517e-02  -5.8074172e-02  -3.8255416e-02  -1.3103290e-02  -2.1842297e-02  -4.6201615e-03
   1.9610000e+03  -4.5012394e-02  -4.2771991e-02  -3.0350599e-02  -6.6286243e-02  -1.6577986e-01  -2.2302629e-02  -9.5457021e-02  -4.9517278e-03  -1.4262310e-01   4.6680779e-04  -1.9952837e-03  -3.8599406e-04  -9.8823015e-02  -7.3499339e-02  -4.1827188e-02  -1.1794998e-02  -1.2533342e-03  -5.2758966e-03
   1.9620000e+03   4.1231656e-03   2.7792479e-03  -3.4034212e-01  -1.1102300e-01  -2.1785872e-01  -9.2839604e-03   2.2670418e-02   1.2631461e-03  -5.5088332e-02  -4.8351590e-03   1.2672221e-03  -1.4816834e-03  -6.4185530e-02  -5.8206838e-02  -2.1747417e-02  -1.1048050e-02  -7.3210626e-03  -6.9602239e-03
   1.9630000e+03  -8.1410832e-02  -3.6886384e-02  -2.4496906e-02  -1.6187946e-02   9.1552649e-03   1.7776091e-03  -4.1299224e-02  -6.2170227e-03  -4.3329284e-02  -9.8217477e-04   3.4046434e-03   1.1371103e-03  -5.7280556e-02  -5.8326183e-02  -3.0569959e-02  -1.2175019e-02  -4.5267583e-02  -5.3281981e-03
   1.9640000e+03   2.0962826e-02   1.4440438e-02   5.4313151e-02  -3.8002435e-03  -7.2550025e-03  -8.5860689e-03  -2.8511596e-02   4.6114795e-03  -5.9137864e-02  -1.1785214e-03  -5.0737479e-03   1.4903613e-03  -3.7953048e-02  -4.5257126e-02  -3.2560152e-02  -1.5546680e-02   1.2220159e-02  -1.3555566e-03
   1.9650000e+03   6.6226010e-02  -1.6672535e-02   6.3649113e-02   3.6114019e-02  -1.7694928e-02  -7.0608534e-04  -5.6294203e-03  -2.7108117e-04  -6.6305110e-02  -2.7466861e-03   1.2125737e-02  -6.9097786e-04  -4.7462194e-02  -4.5456415e-02  -2.7344284e-02  -7.5041064e-03  -2.5221133e-02  -1.9106237e-03
   1.9660000e+03   3.1195223e-02  -6.3777749e-03  -7.7443789e-02  -5.6927743e-02  -1.1598827e-01  -1.9443591e-02  -4.9092769e-02  -1.7731857e-03  -3.6448632e-02  -2.2406948e-03   5.6563238e-03   2.1916959e-04  -4.7809309e-02  -3.9434277e-02  -2.7438543e-02  -1.9463519e-02   1.6061458e-02  -9.1222134e-04
   1.9670000e+03  -4.7539024e-02  -3.3811419e-02  -3.7913263e-02  -3.1862222e-02  -7.7738171e-02   2.6911747e-03  -1.1570528e-03  -1.5016834e-03  -3.4848943e-02  -9.5387678e-05  -9.1584738e-04   7.0931587e-04  -4.6906500e-02  -4.7952585e-02  -3.2445353e-02  -1.1176544e-02  -2.4048316e-02  -4.9065076e-03
   1.9680000e+03  -2.1961252e-03   8.4807387e-05  -1.3386943e-02   3.2350040e-02  -8.9500885e-03   7.5341398e-03   1.5407849e-02   1.0781124e-03   2.6858069e-02  -1.1514749e-03   1.0355041e-02  -6.3190882e-04  -5.3694671e-02  -5.8779946e-02  -2.5961909e-02  -8.9289658e-03  -2.5122860e-02  -2.3755222e-03
   1.9690000e+03  -6.3873142e-02  -2.8297285e-02  -4.6195749e-02  -6.7850284e-02  -3.6958468e-02   3.3440179e-03  -5.5072388e-02  -7.1748620e-03  -4.8178141e-02  -1.2999447e-03   2.3841146e-03  -5.9911259e-04  -1.3817835e-02  -3.8630520e-02  -3.0091851e-02  -1.3752969e-02  -5.3931322e-02   1.3607820e-03
   1.9700000e+03   3.3761020e-02  -2.6520908e-02   7.3946732e-03  -9.0753127e-03   1.0106255e-01   3.9327839e-03  -1.1022441e-02  -5.2232402e-03  -3.0960190e-02  -1.1348604e-03  -1.7559937e-03   8.9361774e-04  -5.9614183e-02  -6.8492310e-02  -3.3253687e-02  -1.5903419e-02  -1.3987832e-02  -3.7385530e-03
   1.9710000e+03   4.3154209e-02  -9.0475304e-03  -1.2503876e-01  -1.2345111e-02  -3.1257183e-02   4.8804767e-04  -4.5864521e-02   1.1728133e-03  -5.1931480e-02  -4.1774632e-04  -4.6887218e-03  -1.1137747e-03  -7.0510043e-02  -6.6453383e-02  -1.9596352e-02  -7.9023941e-03   1.2929719e-02  -4.0130838e-03
   1.9720000e+03   1.9700402e-02   1.2930649e-02   6.3101892e-02   3.3344770e-02   8.9418365e-02  -6.3071914e-03  -4.5996746e-02  -1.7534268e-03  -7.5834531e-03  -7.3048101e-04   8.5393185e-03  -1.7964328e-03  -2.6577779e-02  -2.6914139e-02  -3.0063381e-02  -8.8033679e-03   2.5358652e-02  -4.5959163e-03
   1.9730000e+03   3.2736915e-02  -1.3170247e-02   2.4586747e-03  -7.3774899e-02   3.0599337e-02   5.9126377e-03  -2.0151007e-02   2.9538764e-03  -5.4533677e-02  -2.6757545e-03  -5.9819858e-03   1.6676823e-03  -7.4135051e-02  -4.8599028e-02  -2.1779037e-02  -1.7011157e-02  -8.8144498e-03  -1.1371355e-03
   1.9740000e+03  -8.0702940e-02   8.4485510e-03  -1.1476455e-02  -4.9449303e-02  -4.8098644e-02  -4.6081308e-03  -7.0296469e-02  -2.8205893e-03  -5.2136912e-02  -4.8802217e-03   1.6708247e-03   1.1992026e-03  -4.0346908e-02  -2.9576655e-02  -1.5781260e-02  -3.6077183e-03  -5.0175195e-03  -2.9357858e-03
   1.9750000e+03   1.8218573e-03  -1.3867594e-02  -1.8083956e-02  -1.1961979e-01  -1.2189476e-02   8.0746671e-03  -1.3314039e-02   3.1777733e-03  -1.3962030e-02  -8.4925298e-04  -3.7160136e-04  -3.2373002e-03  -6.7332871e-02  -3.3022733e-02  -2.2692080e-02   1.7390843e-03  -2.8483350e-02  -7.1422404e-03
   1.9760000e+03  -4.0974315e-02   1.8564866e-02   4.9086928e-02   9.7145269e-03   3.1313583e-02  -1.0904817e-02  -2.2381290e-02   4.2121852e-03  -1.4716517e-02  -1.0797723e-03  -3.0857052e-03   2.3223296e-03  -4.4816591e-02  -4.0248639e-02  -1.5618096e-02  -3.4437105e-03   1.1979955e-02  -9.1673581e-04
   1.9770000e+03  -8.5040157e-02  -1.8409408e-02  -8.2148637e-02  -1.8648655e-02  -3.8287723e-02  -1.4312397e-02  -2.2128336e-02   1.0310396e-03  -3.7653358e-02  -2.6081882e-03   1.6046756e-02   5.5941908e-04  -7.6243475e-02  -5.8723337e-02  -1.7070324e-02  -1.0662717e-02  -1.1983668e-02  -1.6360259e-03
   1.9780000e+03  -1.4072482e-01  -2.4144225e-02  -1.0531915e-01   3.7669897e-02  -7.0464493e-02  -7.4128618e-03  -4.8620155e-02  -3.0301704e-03  -2.2457974e-02  -8.0333208e-04   1.0547889e-02   2.0765786e-03  -6.6106516e-02  -5.9470862e-02  -1.0063019e-02  -7.5047182e-03  -3.3256292e-02  -2.2303185e-03
   1.9790000e+03  -1.4675218e-01  -3.8576656e-02   2.7764680e-02   2.1628732e-02   1.7088904e-02   2.6844590e-02  -8.1728727e-02   2.6861732e-03  -1.2514843e-01  -2.7813570e-04   4.8397949e-03  -2.1069955e-03  -4.4660610e-02  -4.3747558e-02  -2.7340551e-02  -7.2490656e-03  -4.3693163e-02  -3.7144442e-03
   1.9800000e+03  -1.2970255e-01  -2.7545869e-02   1.6374062e-04  -4.9259422e-02  -1.3577121e-02  -1.1567555e-02  -2.2675986e-02  -8.0585997e-03   9.5850906e-03  -3.6471487e-03   6.5851496e-03   7.9219788e-04  -6.6073394e-02  -5.4490695e-02  -1.9277533e-02  -9.6002502e-03  -2.0176209e-02  -2.2431944e-03
   1.9810000e+03  -1.3212931e-01  -2.8736599e-02  -7.4262861e-02  -4.7336139e-02  -1.1361183e-02   6.5973370e-03  -3.4666477e-02   2.5611104e-03  -4.7766171e-02  -2.4490625e-03   1.8675779e-03   1.9883260e-04  -4.8046243e-02  -3.5584643e-02  -2.9355263e-02  -3.1100435e-03   1.7381754e-03  -2.3249781e-03
   1.9820000e+03  -5.4526478e-02  -1.2013353e-02  -1.7665509e-02  -2.7970800e-02   4.8081663e-02   1.7209256e-02   1.1065754e-02   1.4764282e-03  -1.7061889e-03  -2.3184811e-03  -1.2790113e-02   9.3831030e-04  -5.0974041e-02  -4.2172303e-02  -3.1175965e-02  -4.1942626e-03  -2.8087902e-02  -2.4675267e-03
   1.9830000e+03  -7.0565173e-02  -1.7674242e-02  -2.7053749e-02   7.5836979e-03   1.2018288e-01   1.6770720e-02  -4.6024524e-03   2.1792371e-03  -2.8478291e-02  -6.5087495e-04  -1.3978867e-02   2.8431742e-04  -4.8682100e-02  -2.5062035e-02  -2.7586271e-02  -1.4721499e-02  -2.2758040e-02   1.3010611e-03
   1.9840000e+03  -6.8640796e-02   8.3258125e-03  -8.3203440e-02  -8.4880027e-02   1.1389245e-02  -9.3806290e-03  -7.3201415e-02   9.9587814e-04  -1.0355825e-01   1.8098597e-03   3.1340527e-03   6.9775980e-04  -7.2355503e-02  -6.0119752e-02  -2.2953498e-02  -4.0990731e-03  -5.0912219e-02  -9.2839272e-04
   1.9850000e+03   8.2050203e-02  -8.2571500e-03  -8.8523751e-02  -9.2829427e-02  -4.9357998e-02   1.7091920e-03  -6.9331070e-02  -1.4786583e-03  -5.3882392e-02  -2.4527166e-05  -7.5225098e-03   1.1375413e-04  -6.1017233e-02  -5.7412335e-02  -2.2498811e-02  -5.2287473e-03  -2.5057475e-02  -2.8391342e-03
   1.9860000e+03   1.1054699e-02  -1.0723901e-02   3.1556801e-02   6.6419379e-03  -1.5630038e-02  -8.1046001e-03  -6.6024402e-02   4.6229990e-04  -2.3047038e-02  -1.2007291e-03  -7.0340375e-03  -1.0572533e-03  -5.5756246e-02  -3.3011452e-02  -1.7965777e-02  -1.5421321e-03  -3.1388556e-02  -4.2619142e-03
   1.9870000e+03  -2.5036070e-02  -3.6222301e-02  -7.0366587e-02  -4.2511694e-02  -2.1380288e-02  -7.4119113e-03  -1.6529186e-03   3.8413859e-03  -2.6888109e-02   2.0591740e-04  -7.5195497e-03   8.9711954e-04  -1.8428619e-02  -2.0811165e-02  -1.9803642e-02  -9.5488790e-03  -2.8076248e-02  -3.5696922e-03
   1.9880000e+03  -1.3795240e-02  -1.8934373e-02  -1.6102290e-01  -4.0490657e-02  -2.4227338e-02  -1.2492484e-02  -7.4531562e-02  -8.7163388e-03  -4.5824119e-02  -1.5808902e-03  -5.7130604e-03   1.0441520e-03  -4.5914712e-02  -3.3756074e-02  -1.9782050e-02  -1.0098091e-02  -5.1665131e-02  -2.2832576e-03
   1.9890000e+03  -1.8904632e-01  -4.3779000e-02  -1.3319846e-02  -4.3965857e-02   1.3754249e-02   6.7334913e-03  -1.0352228e-02   4.9411429e-03  -2.9625947e-02  -2.3826211e-03  -7.2042049e-03  -8.8798828e-05  -3.6598052e-02  -3.0887377e-02  -2.1133336e-02  -4.5381992e-03  -3.6066083e-02  -1.4899951e-03
   1.9900000e+03  -1.5601064e-01  -4.1331373e-02  -1.0375990e-01  -6.7202481e-02  -3.7447165e-02  -1.2432788e-02  -7.5293479e-02   8.3271008e-04  -6.8003453e-02  -1.7556030e-03  -8.3719864e-03   5.2080578e-04  -6.4111178e-02  -4.7412367e-02  -1.5219729e-02  -5.4801038e-03  -4.8832900e-02  -4.5640525e-03
   1.9910000e+03  -6.9183620e-02  -1.2428596e-02  -1.2802279e-01  -1.2383185e-01  -8.9937465e-02  -2.1595304e-02  -6.6842844e-02  -5.0499885e-04  -7.8312795e-02  -4.1816074e-03  -1.7532818e-02  -1.5492237e-04  -4.0409300e-02  -3.3028138e-02  -1.7163030e-02  -5.5421168e-03  -1.8880108e-02  -1.8248308e-03
   1.9920000e+03   5.6525493e-02  -2.4458054e-02   3.3091608e-02  -5.2190818e-03   1.0430281e-01   6.6504593e-03  -1.9345034e-02  -6.2999495e-04  -5.6134768e-03   4.2161133e-04  -1.2526406e-02   1.7277083e-03  -1.1623814e-02  -2.4463352e-02  -2.2028180e-02  -1.0967458e-02  -3.2315553e-03   5.8803068e-04
   1.9930000e+03  -1.9404963e-01  -3.9480407e-02  -1.7173592e-01  -1.4912441e-02  -1.8108042e-02   8.8209055e-03  -1.0703570e-01   4.5214669e-03  -4.5657100e-02   5.0983538e-04  -1.6708217e-03   2.5620164e-03  -2.2570915e-02  -3.5776226e-02  -2.1823327e-02  -6.8029269e-03  -2.3347939e-02   1.2618469e-03
   1.9940000e+03  -1.6602527e-01  -4.4330281e-02  -8.5803865e-02  -2.6100628e-02  -5.6514772e-02  -8.7168476e-03  -1.9182610e-02   6.6938499e-06  -3.0646347e-02  -1.7355702e-03  -1.1064515e-02  -1.1668247e-03  -5.9110035e-02  -4.0125520e-02  -3.4690653e-02  -4.8986149e-03  -3.4240561e-02  -1.0150018e-03
   1.9950000e+03  -1.9596147e-01  -3.2823946e-02  -1.1130010e-01  -6.0680377e-02  -3.5323998e-02  -1.8361875e-03  -5.3565134e-02   2.1657332e-03  -1.1658871e-01  -2.0451096e-03   4.2784749e-04  -2.1769602e-03  -5.9113354e-02  -4.0187320e-02  -2.8105736e-02  -7.2780694e-03  -1.0476769e-02   1.1563878e-03
   1.9960000e+03  -7.1120855e-02   9.1577223e-03   7.8640456e-02  -6.9812089e-03   4.6275617e-02  -2.2642840e-02  -1.1981326e-02  -1.2793732e-03  -1.3340064e-02  -1.8647642e-03  -2.4632485e-03  -8.1347778e-04  -2.6123258e-02  -9.2832283e-03  -1.9123018e-02  -4.1775291e-03  -1.0058304e-02   5.8500405e-04
   1.9970000e+03  -1.8075958e-01  -1.0900180e-02   2.4311144e-02  -2.3220533e-02   3.6848513e-02  -7.8044285e-03  -1.8802715e-03  -4.3942080e-03   2.0900090e-03  -5.3743163e-03  -4.6729133e-03   2.0152948e-04  -7.0288108e-02  -4.6645540e-02  -2.0521402e-02  -2.3865352e-03  -3.4749948e-02  -7.0013461e-04
   1.9980000e+03  -8.9038839e-02  -5.0999273e-02  -2.2550230e-01  -4.8102828e-02  -6.8361643e-02  -1.0403807e-02  -1.7162929e-01  -1.9745063e-03  -1.1294771e-01  -5.1220755e-03  -9.3412567e-03  -3.2772491e-03  -5.8296676e-02  -3.1323523e-02  -1.9460388e-02  -1.1479582e-02   3.6454503e-03  -8.7147615e-04
   1.9990000e+03  -6.2630963e-02   1.2037245e-02  -1.1240570e-01   2.5267540e-03   1.6417410e-02  -6.0779814e-03  -4.3124192e-02  -3.3616698e-03  -4.7637344e-02  -3.6214866e-03  -8.4593515e-03  -1.2654158e-03  -6.6472136e-02  -4.6245426e-02  -2.2612371e-02  -4.2167929e-03  -4.2570711e-02  -2.0097808e-03
   2.0000000e+03   1.4238555e-02  -5.6267006e-03  -7.3531173e-02  -5.0484583e-02  -3.7455062e-02  -1.9007271e-02  -5.7751313e-02   2.4225530e-03  -1.2237050e-01  -2.6699402e-03  -9.0418623e-03  -1.5853291e-03  -7.5836083e-02  -5.3843522e-02  -1.9196100e-02   1.4751921e-04  -2.4162423e-02  -2.8691328e-03
   2.0010000e+03  -5.7097747e-02  -1.8666446e-02  -2.0202256e-02  -5.2249581e-02  -9.0780059e-02  -1.8356734e-02  -8.4540916e-02  -4.6102773e-03  -7.4692731e-02  -3.3048952e-03  -1.0116205e-03  -1.8611915e-03  -8.0685865e-02  -6.0381923e-02  -2.7350200e-02  -1.3816756e-03   4.0401292e-03  -1.3373059e-03
   2.0020000e+03  -8.8065632e-02  -2.7475144e-03  -1.2486540e-01  -4.1804886e-02  -9.0812774e-02  -2.3497473e-02  -1.4386905e-01  -1.0359683e-02  -3.3724045e-02  -3.3560290e-03  -9.0292943e-03  -9.5396562e-04  -4.9480991e-02  -3.6323532e-02  -2.4188702e-02  -2.5053955e-03  -1.1760199e-02  -2.9676566e-03
   2.0030000e+03  -1.6710572e-01  -2.1608400e-02  -2.2138997e-01  -1.0185127e-02  -2.8553237e-01  -3.0987507e-02  -7.5904124e-02  -7.4790659e-03  -8.5891717e-02  -2.6479258e-03  -1.8714460e-02  -1.2659591e-03  -3.8030851e-02  -3.2643642e-02  -2.2826168e-02  -3.7628079e-03   1.1402051e-02   3.2539156e-05
   2.0040000e+03  -2.1928855e-01  -3.5392265e-02   8.0534118e-03  -3.8973159e-02  -1.4451802e-01  -3.0316030e-02  -1.4434412e-01  -3.2728762e-03  -9.3955608e-02  -1.9279614e-03  -5.4656993e-03  -1.8166538e-04  -4.7891475e-02  -3.7575911e-02  -2.2009590e-02  -2.4287832e-03  -4.4820538e-02  -1.1742573e-04
   2.0050000e+03  -1.9232574e-01  -1.4450662e-02  -2.1480619e-01   1.9771422e-02  -1.2084882e-01  -2.9004908e-03  -1.2343427e-01  -3.4649405e-04  -7.3928162e-02  -1.6059152e-03  -9.2138621e-03  -1.4233490e-03  -5.9761400e-02  -3.4760002e-02  -3.1792652e-02  -5.3580938e-03  -4.8305375e-02   1.9700733e-04
   2.0060000e+03  -9.7345517e-02  -3.4549946e-02  -6.3131282e-02   4.4758547e-02  -6.7635100e-02  -2.1378419e-02  -1.5256649e-01  -8.8723914e-03  -3.1067885e-02  -3.0086327e-03  -8.9379617e-03  -1.4266855e-03  -7.6349884e-02  -4.2989048e-02  -3.2239171e-02  -2.6406457e-03  -2.2019193e-02  -1.6048012e-03
   2.0070000e+03  -1.3319739e-01  -1.1620186e-03  -2.3413713e-01   4.4882353e-02  -1.2466144e-01  -1.3348108e-02  -1.1605069e-01   3.8912545e-04  -7.3167320e-02  -2.8006070e-03  -5.4283244e-03  -3.5888220e-03  -6.9640560e-02  -4.3888286e-02  -2.8878476e-02  -3.7794784e-03  -2.1599867e-02  -1.2764734e-03
   2.0080000e+03  -2.4120383e-02  -1.0435649e-02  -1.6336709e-01   4.6510098e-02  -1.3784142e-01  -2.9177923e-02  -5.2217382e-02  -3.5688602e-03  -7.3527910e-02  -4.5329520e-03  -3.2396779e-03  -1.3284184e-03  -8.5853294e-02  -4.6178091e-02  -2.5547622e-02  -3.5963075e-04  -2.8503024e-02  -2.0510586e-03
   2.0090000e+03  -7.9861020e-02  -2.3679834e-02  -2.6142700e-01   1.6650890e-02  -1.0458951e-01  -1.7756767e-02  -1.0792057e-01  -4.8851002e-03  -4.5804522e-02  -9.2146124e-04  -8.5619619e-03  -2.3830516e-04  -5.3362516e-02  -3.8518225e-02  -4.1599698e-02  -1.3250190e-03  -2.7287301e-02   6.9085654e-05
   2.0100000e+03  -1.7968190e-01  -5.8218826e-03  -1.1947231e-01   3.5343058e-02  -1.6131346e-01  -3.2200776e-02  -5.5232740e-02  -3.0236645e-03  -3.7963621e-02  -1.8422823e-03  -2.6929877e-03  -4.6235672e-03  -5.2415304e-02  -2.7588758e-02  -3.6228666e-02  -5.0614039e-03  -9.4406443e-04  -1.9676941e-04
   2.0110000e+03  -1.2484019e-01  -1.0485245e-02  -2.2363573e-01   2.1201745e-02  -8.2181584e-02  -1.5073820e-02  -1.8566014e-01  -6.2376465e-03  -8.1883403e-02  -3.1055294e-03  -7.4069597e-03  -1.3603906e-03  -8.1937832e-02  -5.0672407e-02  -2.8476774e-02  -6.6870287e-04  -2.2070133e-02  -1.2542199e-03
   2.0120000e+03   4.1097713e-04  -1.5106078e-02  -3.0682604e-01   3.5776338e-02  -1.4669216e-02  -5.9947642e-03  -9.2157727e-02   1.6104052e-03  -1.5973151e-01  -3.1916184e-03  -7.6131976e-03  -4.1365441e-03  -7.6450325e-02  -3.9045883e-02  -3.1428750e-02  -1.2279023e-03  -2.4076869e-02  -2.1533504e-03
   2.0130000e+03  -1.2959559e-01  -3.2052682e-02   8.1609378e-02   6.7201823e-02  -5.8270059e-02  -6.0100775e-03  -1.9451312e-01  -7.2942980e-03  -1.2650031e-01  -7.3002996e-04  -2.8601210e-03  -2.3049339e-03  -6.9095448e-02  -4.5272115e-02  -2.3631722e-02  -2.6279724e-03  -2.6227188e-02  -1.4806707e-03
