   1.8000000e+03   1.0227878e+02   2.7746055e+01
   1.8010000e+03   1.0166124e+02   2.7591671e+01
   1.8020000e+03   1.0115890e+02   2.7466085e+01
   1.8030000e+03   1.0069608e+02   2.7350380e+01
   1.8040000e+03   1.0027581e+02   2.7245314e+01
   1.8050000e+03   9.9822857e+01   2.7132075e+01
   1.8060000e+03   9.9421145e+01   2.7031647e+01
   1.8070000e+03   9.9057733e+01   2.6940794e+01
   1.8080000e+03   9.8733216e+01   2.6859664e+01
   1.8090000e+03   9.8461584e+01   2.6791756e+01
   1.8100000e+03   9.8347257e+01   2.6763175e+01
   1.8110000e+03   9.7641637e+01   2.6586770e+01
   1.8120000e+03   9.8298073e+01   2.6750879e+01
   1.8130000e+03   9.9005064e+01   2.6927626e+01
   1.8140000e+03   9.9277887e+01   2.6995832e+01
   1.8150000e+03   9.9823361e+01   2.7132201e+01
   1.8160000e+03   1.0021590e+02   2.7230335e+01
   1.8170000e+03   1.0053471e+02   2.7310039e+01
   1.8180000e+03   1.0082989e+02   2.7383833e+01
   1.8190000e+03   1.0111557e+02   2.7455252e+01
   1.8200000e+03   1.0141084e+02   2.7529070e+01
   1.8210000e+03   1.0181726e+02   2.7630676e+01
   1.8220000e+03   1.0216849e+02   2.7718483e+01
   1.8230000e+03   1.0273872e+02   2.7861040e+01
   1.8240000e+03   1.0348421e+02   2.8047413e+01
   1.8250000e+03   1.0592993e+02   2.8658843e+01
   1.8260000e+03   1.0668176e+02   2.8846801e+01
   1.8270000e+03   1.0720413e+02   2.8977392e+01
   1.8280000e+03   1.0754467e+02   2.9062528e+01
   1.8290000e+03   1.0774415e+02   2.9112398e+01
   1.8300000e+03   1.0780364e+02   2.9127271e+01
   1.8310000e+03   1.0775596e+02   2.9115351e+01
   1.8320000e+03   1.0762449e+02   2.9082482e+01
   1.8330000e+03   1.0716630e+02   2.8967936e+01
   1.8340000e+03   1.0692940e+02   2.8908712e+01
   1.8350000e+03   1.0684154e+02   2.8886744e+01
   1.8360000e+03   1.0648416e+02   2.8797400e+01
   1.8370000e+03   1.0608019e+02   2.8696408e+01
   1.8380000e+03   1.0561775e+02   2.8580799e+01
   1.8390000e+03   1.0490570e+02   2.8402786e+01
   1.8400000e+03   1.0439821e+02   2.8275912e+01
   1.8410000e+03   1.0406675e+02   2.8193047e+01
   1.8420000e+03   1.0377983e+02   2.8121319e+01
   1.8430000e+03   1.0358642e+02   2.8072965e+01
   1.8440000e+03   1.0345166e+02   2.8039276e+01
   1.8450000e+03   1.0324555e+02   2.7987748e+01
   1.8460000e+03   1.0326942e+02   2.7993716e+01
   1.8470000e+03   1.0341453e+02   2.8029993e+01
   1.8480000e+03   1.0414287e+02   2.8212078e+01
   1.8490000e+03   1.0452494e+02   2.8307597e+01
   1.8500000e+03   1.0552367e+02   2.8557277e+01
   1.8510000e+03   1.0577709e+02   2.8620633e+01
   1.8520000e+03   1.0588439e+02   2.8647457e+01
   1.8530000e+03   1.0587092e+02   2.8644091e+01
   1.8540000e+03   1.0576430e+02   2.8617435e+01
   1.8550000e+03   1.0556270e+02   2.8567036e+01
   1.8560000e+03   1.0528569e+02   2.8497782e+01
   1.8570000e+03   1.0503944e+02   2.8436221e+01
   1.8580000e+03   1.0479305e+02   2.8374623e+01
   1.8590000e+03   1.0457319e+02   2.8319658e+01
   1.8600000e+03   1.0476757e+02   2.8368254e+01
   1.8610000e+03   1.0443380e+02   2.8284810e+01
   1.8620000e+03   1.0417177e+02   2.8219304e+01
   1.8630000e+03   1.0388549e+02   2.8147733e+01
   1.8640000e+03   1.0360739e+02   2.8078209e+01
   1.8650000e+03   1.0336397e+02   2.8017354e+01
   1.8660000e+03   1.0317743e+02   2.7970718e+01
   1.8670000e+03   1.0304218e+02   2.7936906e+01
   1.8680000e+03   1.0295028e+02   2.7913931e+01
   1.8690000e+03   1.0292216e+02   2.7906900e+01
   1.8700000e+03   1.0310227e+02   2.7951927e+01
   1.8710000e+03   1.0345692e+02   2.8040591e+01
   1.8720000e+03   1.0330812e+02   2.8003391e+01
   1.8730000e+03   1.0299842e+02   2.7925965e+01
   1.8740000e+03   1.0255223e+02   2.7814419e+01
   1.8750000e+03   1.0223187e+02   2.7734327e+01
   1.8760000e+03   1.0153960e+02   2.7561261e+01
   1.8770000e+03   1.0069516e+02   2.7350151e+01
   1.8780000e+03   9.9709484e+01   2.7103731e+01
   1.8790000e+03   9.8581683e+01   2.6821781e+01
   1.8800000e+03   9.7065440e+01   2.6442720e+01
   1.8810000e+03   9.5719107e+01   2.6106137e+01
   1.8820000e+03   9.3838147e+01   2.5635897e+01
   1.8830000e+03   9.2384257e+01   2.5272425e+01
   1.8840000e+03   9.1496856e+01   2.5050574e+01
   1.8850000e+03   9.0480742e+01   2.4796546e+01
   1.8860000e+03   8.9605135e+01   2.4577644e+01
   1.8870000e+03   8.8700230e+01   2.4351418e+01
   1.8880000e+03   8.7850459e+01   2.4138975e+01
   1.8890000e+03   8.6925176e+01   2.3907654e+01
   1.8900000e+03   8.5975632e+01   2.3670268e+01
   1.8910000e+03   8.5069255e+01   2.3443674e+01
   1.8920000e+03   8.4269292e+01   2.3243683e+01
   1.8930000e+03   8.3420819e+01   2.3031565e+01
   1.8940000e+03   8.2703968e+01   2.2852352e+01
   1.8950000e+03   8.1907014e+01   2.2653114e+01
   1.8960000e+03   8.1147781e+01   2.2463306e+01
   1.8970000e+03   8.0212066e+01   2.2229377e+01
   1.8980000e+03   7.9346013e+01   2.2012864e+01
   1.8990000e+03   7.8461662e+01   2.1791776e+01
   1.9000000e+03   7.7549540e+01   2.1563745e+01
   1.9010000e+03   7.6614187e+01   2.1329907e+01
   1.9020000e+03   7.5612575e+01   2.1079504e+01
   1.9030000e+03   7.4718200e+01   2.0855910e+01
   1.9040000e+03   7.3867602e+01   2.0643261e+01
   1.9050000e+03   7.3045872e+01   2.0437828e+01
   1.9060000e+03   7.2182681e+01   2.0222031e+01
   1.9070000e+03   7.1399744e+01   2.0026296e+01
   1.9080000e+03   7.0635377e+01   1.9835205e+01
   1.9090000e+03   6.9881470e+01   1.9646728e+01
   1.9100000e+03   6.9108812e+01   1.9453563e+01
   1.9110000e+03   6.8336467e+01   1.9260477e+01
   1.9120000e+03   6.7714087e+01   1.9104882e+01
   1.9130000e+03   6.7463273e+01   1.9042179e+01
   1.9140000e+03   6.7033424e+01   1.8934716e+01
   1.9150000e+03   6.6298856e+01   1.8751074e+01
   1.9160000e+03   6.5490307e+01   1.8548937e+01
   1.9170000e+03   6.4613223e+01   1.8329666e+01
   1.9180000e+03   6.3695184e+01   1.8100156e+01
   1.9190000e+03   6.2748265e+01   1.7863427e+01
   1.9200000e+03   6.1787067e+01   1.7623127e+01
   1.9210000e+03   6.0747898e+01   1.7363335e+01
   1.9220000e+03   5.9826899e+01   1.7133085e+01
   1.9230000e+03   5.8888490e+01   1.6898483e+01
   1.9240000e+03   5.7998571e+01   1.6676003e+01
   1.9250000e+03   5.7104406e+01   1.6452462e+01
   1.9260000e+03   5.6249100e+01   1.6238635e+01
   1.9270000e+03   5.5428375e+01   1.6033454e+01
   1.9280000e+03   5.4661155e+01   1.5841649e+01
   1.9290000e+03   5.3897041e+01   1.5650621e+01
   1.9300000e+03   5.3196051e+01   1.5475373e+01
   1.9310000e+03   5.2588230e+01   1.5323418e+01
   1.9320000e+03   5.1433721e+01   1.5034791e+01
   1.9330000e+03   5.0340530e+01   1.4761493e+01
   1.9340000e+03   4.9151309e+01   1.4464188e+01
   1.9350000e+03   4.7919376e+01   1.4156204e+01
   1.9360000e+03   4.6567626e+01   1.3818267e+01
   1.9370000e+03   4.5169944e+01   1.3468846e+01
   1.9380000e+03   4.3796351e+01   1.3125448e+01
   1.9390000e+03   4.2428488e+01   1.2783482e+01
   1.9400000e+03   4.1076995e+01   1.2445609e+01
   1.9410000e+03   3.9722242e+01   1.2106921e+01
   1.9420000e+03   3.8430764e+01   1.1784051e+01
   1.9430000e+03   3.7169596e+01   1.1468759e+01
   1.9440000e+03   3.5943000e+01   1.1162110e+01
   1.9450000e+03   3.4719158e+01   1.0856150e+01
   1.9460000e+03   3.3564542e+01   1.0567496e+01
   1.9470000e+03   3.2449503e+01   1.0288736e+01
   1.9480000e+03   3.1400386e+01   1.0026457e+01
   1.9490000e+03   3.0399845e+01   9.7763216e+00
   1.9500000e+03   2.9448285e+01   9.5384317e+00
   1.9510000e+03   2.8549319e+01   9.3136902e+00
   1.9520000e+03   2.7672326e+01   9.0944419e+00
   1.9530000e+03   2.6808077e+01   8.8783796e+00
   1.9540000e+03   2.5901901e+01   8.6518355e+00
   1.9550000e+03   2.4985223e+01   8.4226660e+00
   1.9560000e+03   2.4048946e+01   8.1885968e+00
   1.9570000e+03   2.3129052e+01   7.9586235e+00
   1.9580000e+03   2.2217596e+01   7.7307595e+00
   1.9590000e+03   2.1309261e+01   7.5036755e+00
   1.9600000e+03   2.0423217e+01   7.2821647e+00
   1.9610000e+03   1.9523315e+01   7.0571891e+00
   1.9620000e+03   1.8660650e+01   6.8415228e+00
   1.9630000e+03   1.7911753e+01   6.6542985e+00
   1.9640000e+03   1.7280441e+01   6.4964707e+00
   1.9650000e+03   1.6757248e+01   6.3656724e+00
   1.9660000e+03   1.6335455e+01   6.2602242e+00
   1.9670000e+03   1.5914089e+01   6.1548826e+00
   1.9680000e+03   1.5423453e+01   6.0322236e+00
   1.9690000e+03   1.4924284e+01   5.9074313e+00
   1.9700000e+03   1.4415922e+01   5.7803410e+00
   1.9710000e+03   1.3868416e+01   5.6434645e+00
   1.9720000e+03   1.3357805e+01   5.5158117e+00
   1.9730000e+03   1.2839089e+01   5.3861326e+00
   1.9740000e+03   1.2246966e+01   5.2381020e+00
   1.9750000e+03   1.1670876e+01   5.0940794e+00
   1.9760000e+03   1.1129251e+01   4.9586730e+00
   1.9770000e+03   1.0625463e+01   4.8327261e+00
   1.9780000e+03   1.0183451e+01   4.7222231e+00
   1.9790000e+03   9.7320706e+00   4.6093780e+00
   1.9800000e+03   9.2314430e+00   4.4842211e+00
   1.9810000e+03   8.8027807e+00   4.3770556e+00
   1.9820000e+03   8.4077351e+00   4.2782942e+00
   1.9830000e+03   8.0489982e+00   4.1886099e+00
   1.9840000e+03   7.7427783e+00   4.1120550e+00
   1.9850000e+03   7.4857565e+00   4.0477995e+00
   1.9860000e+03   7.2914392e+00   3.9992202e+00
   1.9870000e+03   7.0202766e+00   3.9314295e+00
   1.9880000e+03   6.7233989e+00   3.8572101e+00
   1.9890000e+03   6.3793445e+00   3.7711965e+00
   1.9900000e+03   6.0231530e+00   3.6821486e+00
   1.9910000e+03   5.6416352e+00   3.5867692e+00
   1.9920000e+03   5.2103771e+00   3.4789546e+00
   1.9930000e+03   4.7914902e+00   3.3742329e+00
   1.9940000e+03   4.3527282e+00   3.2645424e+00
   1.9950000e+03   3.8621420e+00   3.1418959e+00
   1.9960000e+03   3.2658835e+00   2.9928313e+00
   1.9970000e+03   2.5722828e+00   2.8194311e+00
   1.9980000e+03   1.7365490e+00   2.6104976e+00
   1.9990000e+03   9.5079762e-01   2.4140598e+00
   2.0000000e+03   0.0000000e+00   2.1763604e+00
   2.0010000e+03  -8.6669863e-01   1.9596857e+00
   2.0020000e+03  -1.5881211e+00   1.7793301e+00
   2.0030000e+03  -2.5061162e+00   1.5498313e+00
   2.0040000e+03  -3.5312143e+00   1.2935568e+00
   2.0050000e+03  -4.7757372e+00   9.8242608e-01
   2.0060000e+03  -5.3835623e+00   8.3046980e-01
   2.0070000e+03  -6.1269022e+00   6.4463483e-01
   2.0080000e+03  -6.8431184e+00   4.6558077e-01
   2.0090000e+03  -7.7374547e+00   2.4199670e-01
   2.0100000e+03  -8.7054415e+00   0.0000000e+00
