   1.9020000e+03   5.9072728e+01   7.8422755e+00
   1.9030000e+03   5.8678174e+01   7.7954733e+00
   1.9040000e+03   5.8185668e+01   7.3807256e+00
   1.9050000e+03   5.7620439e+01   7.2201833e+00
   1.9060000e+03   5.7165075e+01   7.1677953e+00
   1.9070000e+03   5.6827229e+01   7.1219796e+00
   1.9080000e+03   5.6197086e+01   7.0730871e+00
   1.9090000e+03   5.5740695e+01   6.9946255e+00
   1.9100000e+03   5.5312354e+01   6.7895435e+00
   1.9110000e+03   5.4860471e+01   6.7233999e+00
   1.9120000e+03   5.4411601e+01   6.6716191e+00
   1.9130000e+03   5.3950175e+01   5.9415290e+00
   1.9140000e+03   5.3364572e+01   5.8724343e+00
   1.9150000e+03   5.2377241e+01   5.7975492e+00
   1.9160000e+03   5.1658819e+01   5.7251441e+00
   1.9170000e+03   5.0923807e+01   5.6689615e+00
   1.9180000e+03   5.0420208e+01   5.6186538e+00
   1.9190000e+03   4.9859080e+01   5.3141499e+00
   1.9200000e+03   4.9500072e+01   5.2581778e+00
   1.9210000e+03   4.9121322e+01   5.1524514e+00
   1.9220000e+03   4.8715227e+01   5.0981317e+00
   1.9230000e+03   4.7998528e+01   5.0401507e+00
   1.9240000e+03   4.7422129e+01   4.9878895e+00
   1.9250000e+03   4.6727219e+01   4.9523707e+00
   1.9260000e+03   4.5835024e+01   4.8847686e+00
   1.9270000e+03   4.4814815e+01   4.8251180e+00
   1.9280000e+03   4.3906874e+01   4.7544960e+00
   1.9290000e+03   4.3030596e+01   4.6860883e+00
   1.9300000e+03   4.2295394e+01   4.6209805e+00
   1.9310000e+03   4.0768488e+01   4.5483745e+00
   1.9320000e+03   3.9745392e+01   4.5205228e+00
   1.9330000e+03   3.8742238e+01   4.4876131e+00
   1.9340000e+03   3.7839308e+01   4.4545733e+00
   1.9350000e+03   3.7109398e+01   4.3934047e+00
   1.9360000e+03   3.5850496e+01   4.3303567e+00
   1.9370000e+03   3.5080277e+01   4.2726915e+00
   1.9380000e+03   3.4371523e+01   4.2188686e+00
   1.9390000e+03   3.3685627e+01   4.1460051e+00
   1.9400000e+03   3.2848505e+01   4.0695150e+00
   1.9410000e+03   3.1938999e+01   3.9987057e+00
   1.9420000e+03   3.1116865e+01   3.9595752e+00
   1.9430000e+03   3.0225876e+01   3.9224977e+00
   1.9440000e+03   2.9323304e+01   3.8494244e+00
   1.9450000e+03   2.8595933e+01   3.7784313e+00
   1.9460000e+03   2.7770842e+01   3.6991190e+00
   1.9470000e+03   2.6732274e+01   3.6620511e+00
   1.9480000e+03   2.5730648e+01   3.6134737e+00
   1.9490000e+03   2.4941512e+01   3.5836248e+00
   1.9500000e+03   2.4014499e+01   3.5452222e+00
   1.9510000e+03   2.3518435e+01   3.5139975e+00
   1.9520000e+03   2.2992618e+01   3.4817974e+00
   1.9530000e+03   2.2017399e+01   3.4211889e+00
   1.9540000e+03   2.1169083e+01   3.3928516e+00
   1.9550000e+03   2.0956317e+01   3.3665248e+00
   1.9560000e+03   2.0251199e+01   3.3348798e+00
   1.9570000e+03   1.9098814e+01   3.3002395e+00
   1.9580000e+03   1.8166122e+01   3.2821967e+00
   1.9590000e+03   1.7660576e+01   3.2590531e+00
   1.9600000e+03   1.6608625e+01   3.2152400e+00
   1.9610000e+03   1.5758701e+01   3.1904159e+00
   1.9620000e+03   1.4881422e+01   3.1409971e+00
   1.9630000e+03   1.4437140e+01   3.1093599e+00
   1.9640000e+03   1.4298963e+01   3.0754558e+00
   1.9650000e+03   1.4211462e+01   3.0258471e+00
   1.9660000e+03   1.3763800e+01   2.9815504e+00
   1.9670000e+03   1.3332381e+01   2.9500839e+00
   1.9680000e+03   1.3224869e+01   2.9108237e+00
   1.9690000e+03   1.2726234e+01   2.8682583e+00
   1.9700000e+03   1.2592596e+01   2.8350551e+00
   1.9710000e+03   1.2200160e+01   2.7884122e+00
   1.9720000e+03   1.2291432e+01   2.7544400e+00
   1.9730000e+03   1.2025998e+01   2.7026538e+00
   1.9740000e+03   1.1615581e+01   2.6575650e+00
   1.9750000e+03   1.1276226e+01   2.6167624e+00
   1.9760000e+03   1.1205234e+01   2.5686368e+00
   1.9770000e+03   1.0727315e+01   2.5209995e+00
   1.9780000e+03   1.0176000e+01   2.4802410e+00
   1.9790000e+03   9.7118568e+00   2.4476776e+00
   1.9800000e+03   9.2910875e+00   2.3974837e+00
   1.9810000e+03   8.8069215e+00   2.3369715e+00
   1.9820000e+03   8.5976300e+00   2.3000653e+00
   1.9830000e+03   8.4441183e+00   2.2414544e+00
   1.9840000e+03   7.8362379e+00   2.1705201e+00
   1.9850000e+03   7.3748499e+00   2.1341059e+00
   1.9860000e+03   7.1478175e+00   2.0947905e+00
   1.9870000e+03   6.8135343e+00   2.0157690e+00
   1.9880000e+03   6.2437501e+00   1.9635126e+00
   1.9890000e+03   5.7987012e+00   1.9177005e+00
   1.9900000e+03   5.0428255e+00   1.8734588e+00
   1.9910000e+03   4.3134484e+00   1.8417714e+00
   1.9920000e+03   4.3766497e+00   1.8052797e+00
   1.9930000e+03   3.6913543e+00   1.7211007e+00
   1.9940000e+03   3.0659931e+00   1.6811168e+00
   1.9950000e+03   2.3122799e+00   1.6349592e+00
   1.9960000e+03   2.2456862e+00   1.5940280e+00
   1.9970000e+03   1.8948393e+00   1.5082004e+00
   1.9980000e+03   9.8035228e-01   1.4317664e+00
   1.9990000e+03   5.3862237e-01   1.3875537e+00
   2.0000000e+03   0.0000000e+00   1.3283031e+00
   2.0010000e+03  -5.9447130e-01   1.2603857e+00
   2.0020000e+03  -1.2947835e+00   1.2030574e+00
   2.0030000e+03  -2.3093247e+00   1.1478730e+00
   2.0040000e+03  -3.1737510e+00   1.1048979e+00
   2.0050000e+03  -4.0890441e+00   1.0407302e+00
   2.0060000e+03  -4.7120486e+00   9.9405329e-01
   2.0070000e+03  -5.5433821e+00   9.2762285e-01
   2.0080000e+03  -6.1887224e+00   8.6278503e-01
   2.0090000e+03  -6.9897412e+00   7.8362517e-01
   2.0100000e+03  -7.6807023e+00   7.0983806e-01
   2.0110000e+03  -8.5864513e+00   6.1139953e-01
   2.0120000e+03  -9.3324633e+00   5.0914819e-01
   2.0130000e+03  -9.9121185e+00   3.3614065e-01
