   1.9020000e+03   2.5591342e-01   8.7403588e-02   5.5509649e-01   1.0857449e-01   3.2980540e-01   4.7981060e-02   1.1467696e-01   2.2811832e-02   3.9891725e-01   3.7253894e-02   6.4536098e-02   3.1285403e-02   1.5857323e-01   7.4186940e-02   8.6077412e-02   7.2105337e-02   6.4752886e-02   3.1097945e-02
   1.9030000e+03   2.1368039e-01   8.6384356e-02   5.5525090e-01   1.1055014e-01   2.3846771e+00   6.3935204e-02   1.0900574e-01   2.5911085e-02   4.0079340e-01   3.9313865e-02   2.8308575e-02   2.6645859e-02   1.7281566e-01   9.0491969e-02   7.0255140e-02   4.3160437e-02   8.6839251e-02   3.5156581e-02
   1.9040000e+03   1.2196450e-01   1.0182148e-01   5.5556076e-01   1.0441181e-01   1.3345135e+00   4.8021874e-02   1.1064406e-01   4.3052273e-02   3.9980498e-01   2.1229038e-02   3.0977914e-02   2.8644161e-02   1.4795717e-01   7.4677787e-02   7.8661653e-02   4.6977683e-02   6.2013082e-02   1.2623762e-02
   1.9050000e+03   1.7847334e-01   4.2616517e-02   5.5602456e-01   1.1636577e-01   4.1239247e-01   5.8991362e-02   1.0322613e-01   3.6016095e-02   4.0037658e-01   2.6901543e-02   3.0372961e-02   2.8714585e-02   1.5809461e-01   7.2546497e-02   9.4608858e-02   5.9199160e-02   7.2369394e-02   3.4098943e-02
   1.9060000e+03   2.1898930e-01   5.1659934e-02   5.5664123e-01   1.1176918e-01   2.3955848e-01   4.0419659e-02   1.1544544e-01   4.5804935e-02   4.0013705e-01   2.7382215e-02   3.4475905e-02   1.8081375e-02   1.2296753e-01   7.6592961e-02   7.2991624e-02   5.8109038e-02   1.2022578e-01   2.7571654e-02
   1.9070000e+03   1.9405077e-01   7.8167494e-02   5.5741017e-01   1.0060837e-01   2.9297913e-01   2.7674333e-02   1.0927986e-01   2.7621171e-02   3.9947559e-01   3.9187180e-02   3.3887973e-02   2.2643582e-02   1.9184889e-01   8.9154585e-02   7.9060695e-02   6.3629582e-02   1.0740104e-01   2.7639600e-02
   1.9080000e+03   2.3824930e-01   9.5875737e-02   5.5833123e-01   9.4820456e-02   6.9715894e-01   8.5164766e-02   1.1159740e-01   3.2076916e-02   4.0136454e-01   2.4947408e-02   2.9536950e-02   1.9999902e-02   1.2609737e-01   7.2890025e-02   6.5419068e-02   6.6339535e-02   1.3118169e-01   1.5404891e-02
   1.9090000e+03   2.2788461e-01   8.9118565e-02   5.5940468e-01   1.1996255e-01   1.4898821e+00   4.0556563e-02   1.0753748e-01   3.2361222e-02   4.0088149e-01   1.8277123e-02   2.2267499e-02   1.1952794e-02   1.2002848e-01   6.9602801e-02   7.5594615e-02   9.3136210e-02   1.0071309e-01   1.4862039e-02
   1.9100000e+03   2.5980109e-01   1.1381584e-01   5.6063126e-01   9.8034421e-02   5.0949705e-01   6.4786366e-02   1.2440840e-01   3.1790984e-02   4.0145510e-01   1.8587090e-02   1.4450723e-02   2.1795528e-02   1.2541173e-01   7.8672227e-02   7.8282328e-02   5.7843072e-02   1.2317600e-01   1.9841831e-02
   1.9110000e+03   2.6263393e-01   1.0437800e-01   5.6201210e-01   9.8616163e-02   2.4783000e-01   6.3457438e-02   1.1755870e-01   3.3929357e-02   4.0171639e-01   3.7808996e-02   2.0282960e-02   2.3788397e-02   1.4241960e-01   6.7268077e-02   8.7035213e-02   6.9570821e-02   8.0694802e-02   1.4647861e-02
   1.9120000e+03   2.0625101e-01   6.1980195e-02   5.6354882e-01   1.0959908e-01   2.9577643e+00   5.9607182e-02   1.1033971e-01   2.7668969e-02   1.4384933e-01   3.4427237e-02   1.3680035e-02   2.4854160e-02   1.5103507e-01   7.7053037e-02   8.3644745e-02   3.3417982e-02   8.4282528e-02   3.5256059e-02
   1.9130000e+03   3.0294926e-01   1.0094514e-01   5.6524344e-01   1.3389460e-01   5.1694909e-01   5.0893233e-02   1.1412676e-01   3.3452541e-02   1.9349797e-01   3.7277844e-02   1.4870370e-02   3.1064549e-02   1.4853759e-01   8.4837831e-02   1.0397923e-01   4.6823295e-02   9.6252239e-02   3.6996203e-02
   1.9140000e+03   1.7032190e-01   7.2249641e-02   5.6709851e-01   1.5978948e-01   6.3492570e-01   7.5410477e-02   1.0858010e-01   3.5211423e-02   1.4255918e-01   3.2490585e-02   1.5078162e-02   1.8195838e-02   1.1427631e-01   6.4403944e-02   8.7059034e-02   4.1389564e-02   1.4853156e-01   1.4144502e-02
   1.9150000e+03   7.3557564e-02   4.2165603e-02   5.6911629e-01   1.2853506e-01   6.2495650e-01   5.7355039e-02   1.2889625e-01   3.3977747e-02   1.2119655e-01   1.4830408e-02   2.2838084e-02   1.1801864e-02   1.1839862e-01   6.6363902e-02   1.1247541e-01   3.4426010e-02   1.6175948e-01   3.2806383e-02
   1.9160000e+03   2.4034944e-01   7.7650278e-02   5.7133838e-01   1.0304828e-01   3.5029472e-01   3.0321156e-02   1.2345470e-01   3.5134562e-02   2.5620626e-01   2.0496654e-02   1.6601243e-02   2.8537345e-02   1.1006913e-01   6.2980825e-02   6.3384042e-02   4.2192056e-02   1.0016361e-01   1.1882972e-02
   1.9170000e+03   2.4665650e-01   8.2104565e-02   5.7369289e-01   8.9918535e-02   2.5527542e-01   5.9893907e-02   1.1414136e-01   2.9776906e-02   2.2404225e-01   1.9146160e-02   3.5475258e-02   2.3662090e-02   1.0830191e-01   6.8009933e-02   7.9443555e-02   4.0520193e-02   5.9965949e-02   1.0607846e-02
   1.9180000e+03   2.0830685e-01   7.9523649e-02   5.8493145e-01   1.2429400e-01   1.6894554e+00   5.8248410e-02   5.9200728e-02   2.6991810e-02   1.6627239e-01   2.6758519e-02   4.0764489e-02   1.1135238e-02   1.1815745e-01   6.4718504e-02   7.7349193e-02   4.9283473e-02   5.5335972e-02   1.0701973e-02
   1.9190000e+03   2.0770802e-01   8.5297292e-02   5.8794900e-01   1.0904083e-01   3.3810309e-01   9.4674180e-02   9.4930140e-02   3.2842302e-02   1.0264747e-01   3.9834977e-02   3.7931897e-02   2.4459973e-02   1.3379988e-01   7.4122320e-02   5.8459685e-02   2.3685139e-02   8.8257398e-02   3.2726598e-02
   1.9200000e+03   2.0426780e-01   1.1015030e-01   5.9119179e-01   1.4275445e-01   7.4691651e-01   5.5656802e-02   7.8171693e-02   3.1324332e-02   2.3004774e-01   1.6497542e-02   2.6748221e-02   2.5614814e-02   1.6699256e-01   1.1126718e-01   6.4809441e-02   3.1683914e-02   8.8125529e-02   3.2502828e-02
   1.9210000e+03   2.3610337e-01   1.0459256e-01   5.9467197e-01   1.0577037e-01   2.0447591e-01   7.9980540e-02   6.5541647e-02   2.4941904e-02   1.5593182e-01   2.5949648e-02   1.8174625e-02   2.2638784e-02   1.5385721e-01   9.1742243e-02   7.7146736e-02   3.7762585e-02   7.6418229e-02   3.2245643e-02
   1.9220000e+03   2.3060041e-01   5.3807398e-02   6.0299078e-01   1.9995016e-01   2.0980860e-01   2.6639455e-02   5.0277796e-02   1.5996885e-02   1.6672937e-01   2.1297144e-02   4.1833041e-02   2.9075794e-02   1.5706508e-01   8.1782006e-02   9.9899721e-02   2.9841799e-02   8.0868032e-02   3.2403394e-02
   1.9230000e+03   9.5812422e-02   3.9156143e-02   6.0371393e-01   1.1962739e-01   2.2941221e-01   6.1895888e-02   8.4877478e-02   2.3745070e-02   1.6241012e-01   1.7403558e-02   3.5539539e-02   1.1289553e-02   1.4869490e-01   8.5031158e-02   6.9200043e-02   3.3028166e-02   8.3082902e-02   1.2675103e-02
   1.9240000e+03   2.2000998e-01   5.7688403e-02   2.4852159e-01   8.5303273e-02   3.6700926e-01   8.1862240e-02   5.4357669e-02   2.7659995e-02   1.6774137e-01   2.0715360e-02   2.6451467e-02   7.9766655e-03   1.4583669e-01   9.1979408e-02   8.3944890e-02   2.8021291e-02   1.4196281e-01   1.1568989e-02
   1.9250000e+03   1.9748609e-01   4.5260045e-02   6.1359360e-01   1.8161805e-01   3.3286783e-01   5.5773750e-02   5.9456956e-02   2.0177544e-02   2.2119566e-01   4.9428104e-02   4.6696594e-02   2.0146922e-02   1.4663943e-01   6.6241204e-02   1.0811381e-01   4.0193346e-02   5.8098778e-02   9.8817427e-03
   1.9260000e+03   1.1992880e-01   6.8461055e-02   6.2567506e-01   8.5076095e-02   2.5604319e-01   3.4934584e-02   1.1812159e-01   3.4066703e-02   1.6674294e-01   3.0776246e-02   3.7681521e-02   1.4684116e-02   1.3138136e-01   6.5957217e-02   6.0634848e-02   2.7329036e-02   1.4905345e-01   2.9906827e-02
   1.9270000e+03   1.8204307e-01   6.0621236e-02   6.2139250e-01   9.9654200e-02   2.1860719e-01   1.0047391e-01   6.7353122e-02   3.3780755e-02   3.6821284e-01   2.4549761e-02   4.9470902e-02   1.0269280e-02   1.2976396e-01   6.9471933e-02   8.2987595e-02   2.3109102e-02   1.0987744e-01   1.4136257e-02
   1.9280000e+03   2.4892604e-01   6.5326041e-02   6.1484661e-01   1.0478810e-01   2.2098206e-01   3.2577021e-02   1.1601406e-01   3.4975888e-02   2.8905119e-01   3.2405042e-02   1.8714984e-02   2.2277411e-02   1.5261761e-01   6.9984530e-02   6.9313151e-02   2.6991991e-02   7.9079883e-02   2.3667776e-02
   1.9290000e+03   2.4212011e-01   5.6459413e-02   6.3261263e-01   1.0647476e-01   2.0687284e-01   6.2291865e-02   1.2768008e-01   3.9112420e-02   1.4679117e-01   3.2688999e-02   2.5363068e-02   1.1215235e-02   1.5562116e-01   6.4727851e-02   1.0894725e-01   2.4145961e-02   6.1146961e-02   1.1118768e-02
   1.9300000e+03   2.4700250e-01   6.2533705e-02   6.0606179e-01   1.5514765e-01   3.4975214e-01   4.1446705e-02   5.0230617e-02   1.4884319e-02   1.7572913e-01   3.5374358e-02   3.8131595e-02   1.1925067e-02   1.6304683e-01   7.8319840e-02   7.4761596e-02   2.3549513e-02   9.8492993e-02   1.9176022e-02
   1.9310000e+03   2.2078828e-01   7.4824690e-02   2.8735483e-01   5.4088987e-02   1.9271038e-01   7.0653444e-02   6.1387606e-02   4.1679642e-02   1.2655865e-01   1.7843435e-02   3.6423493e-02   1.7494151e-02   1.5075749e-01   8.3944326e-02   1.0335129e-01   2.3682977e-02   7.3904878e-02   2.5647717e-02
   1.9320000e+03   2.4444302e-01   8.3272243e-02   3.1008113e-01   1.2136743e-01   2.1931136e-01   9.9944305e-02   8.3623116e-02   3.3015048e-02   1.0567055e-01   3.8321121e-02   3.0644756e-02   2.4627552e-02   1.5843424e-01   6.6082142e-02   6.3007878e-02   2.5500392e-02   6.2447366e-02   2.3465786e-02
   1.9330000e+03   2.1416354e-01   1.0298503e-01   3.3461131e-01   1.4377771e-01   2.1944918e-01   2.4707669e-02   7.0354318e-02   1.3497900e-02   1.3330192e-01   1.8548967e-02   3.5392261e-02   2.3002907e-02   9.5463893e-02   6.7747827e-02   8.9001748e-02   2.3114744e-02   1.0136525e-01   1.0488579e-02
   1.9340000e+03   1.9486108e-01   9.2704087e-02   5.8130078e-01   1.0103859e-01   2.2708927e-01   3.2161331e-02   5.4071670e-02   1.4514046e-02   1.1483537e-01   4.2073458e-02   8.2358483e-02   2.8905646e-02   1.9399415e-01   7.9678669e-02   7.6759106e-02   2.7127987e-02   1.2990009e-01   2.7126980e-02
   1.9350000e+03   2.4582380e-01   9.2718820e-02   5.6852006e-01   9.0791621e-02   2.3100486e-01   3.7116296e-02   5.6198200e-02   5.3157918e-02   2.4041722e-01   1.8448755e-02   3.8264568e-02   1.0046975e-02   1.0980935e-01   8.0022167e-02   6.4843189e-02   2.3106038e-02   7.6302005e-02   8.8228959e-03
   1.9360000e+03   1.9285611e-01   4.8965627e-02   5.7658050e-01   7.9244972e-02   1.8291172e-01   2.3703634e-02   9.9051774e-02   1.3163936e-02   1.6315692e-01   3.2008182e-02   1.9915273e-02   2.7963859e-02   1.2790645e-01   8.0840011e-02   7.6231974e-02   2.3075081e-02   1.2478880e-01   1.1967383e-02
   1.9370000e+03   2.1686060e-01   4.7125898e-02   5.0653729e-01   1.4504841e-01   2.3518956e-01   3.7762987e-02   6.5016077e-02   1.5506382e-02   1.5298482e-01   3.2750724e-02   4.0199341e-02   2.5843261e-02   1.2515134e-01   7.7415343e-02   5.4564584e-02   2.1388152e-02   1.2917430e-01   2.0661099e-02
   1.9380000e+03   1.5570168e-01   3.6617260e-02   6.0725460e-01   1.3160523e-01   3.3563658e-01   6.1327841e-02   5.9807068e-02   3.5040682e-02   1.8322985e-01   2.4152261e-02   2.5027247e-02   9.8450312e-03   1.2665725e-01   7.4229962e-02   8.2323566e-02   2.0818690e-02   1.1351857e-01   9.2357424e-03
   1.9390000e+03   2.6612633e-01   7.9284385e-02   6.4249359e-01   1.4950094e-01   2.0482671e-01   2.0996571e-02   6.5353310e-02   1.8534685e-02   1.8307541e-01   3.6857258e-02   2.6259441e-02   1.9570470e-02   8.4999929e-02   6.7923383e-02   5.8247511e-02   2.3853255e-02   1.3147485e-01   1.0247083e-02
   1.9400000e+03   1.4160808e-01   5.7375368e-02   6.3848829e-01   1.6551110e-01   2.1140147e-01   2.9656612e-02   1.1160468e-01   3.2859694e-02   1.5942308e-01   4.4859698e-02   1.8398028e-02   2.9850707e-02   9.1769359e-02   7.5289897e-02   6.0318453e-02   2.0662964e-02   8.2304809e-02   1.4353495e-02
   1.9410000e+03   1.2258167e-01   5.3428338e-02   3.5852452e-01   1.9828461e-01   1.9994783e-01   2.0352645e-02   8.1300001e-02   2.2081916e-02   2.1129775e-01   3.4112070e-02   3.3733378e-02   2.1680265e-02   8.6780067e-02   6.3614082e-02   5.4277115e-02   2.0190609e-02   1.2511535e-01   1.3424059e-02
   1.9420000e+03   8.6125127e-02   3.8550555e-02   3.5914364e-01   2.0193094e-01   1.9205920e-01   4.8914858e-02   1.2900479e-01   2.9275194e-02   8.3424225e-02   2.7407099e-02   3.3756553e-02   2.9108436e-02   1.1278090e-01   7.6228594e-02   6.2704750e-02   1.8137365e-02   1.5406009e-01   2.4124319e-02
   1.9430000e+03   1.4578976e-01   6.2636464e-02   6.5410953e-01   8.9056278e-02   1.9594961e-01   6.9188748e-02   1.3200726e-01   3.0062391e-02   1.4288274e-01   2.1685249e-02   1.9419665e-02   2.9831390e-02   9.7100561e-02   6.9287880e-02   6.1657402e-02   1.8283168e-02   6.5142745e-02   2.6020836e-02
   1.9440000e+03   1.4102413e-01   4.6004945e-02   6.4570712e-01   8.6150191e-02   1.8855732e-01   6.8648811e-02   1.2506132e-01   4.2314958e-02   1.4151842e-01   2.4681188e-02   1.7900843e-02   1.4644355e-02   7.9461845e-02   6.5599481e-02   5.4346051e-02   1.8825289e-02   4.6685168e-02   1.3676277e-02
   1.9450000e+03   2.0599813e-01   4.8438828e-02   6.5865585e-01   1.3038787e-01   2.1402936e-01   2.6838407e-02   1.3657807e-01   1.6926729e-02   9.9201145e-02   1.4645640e-02   1.8279249e-02   2.2134727e-02   9.3888065e-02   7.3310715e-02   5.1105336e-02   1.8050045e-02   5.7219866e-02   2.6502219e-02
   1.9460000e+03   1.4160176e-01   5.7488379e-02   3.4415429e-01   1.7732100e-01   1.9633451e-01   2.7244356e-02   6.0392272e-02   1.7735789e-02   1.0391426e-01   2.8678339e-02   5.7613555e-02   2.3229720e-02   1.2947922e-01   6.3475580e-02   5.4450989e-02   2.2294451e-02   1.2668994e-01   2.4185545e-02
   1.9470000e+03   1.9896135e-01   6.0682702e-02   4.2143953e-01   9.9153801e-02   1.7362069e-01   2.0807038e-02   1.2947170e-01   1.2024134e-02   2.0225744e-01   4.1296976e-02   1.6351341e-02   2.8745610e-02   1.0590850e-01   6.0701170e-02   4.8306247e-02   2.9325877e-02   1.1372013e-01   2.2293552e-02
   1.9480000e+03   2.1560238e-01   6.4016999e-02   2.4574697e-01   5.3768850e-02   1.6137870e-01   6.5207358e-02   1.2694402e-01   4.5660168e-02   1.1071869e-01   4.6041764e-02   2.5319271e-02   2.1875147e-02   1.2640020e-01   8.7236645e-02   6.6766724e-02   1.8910953e-02   9.1563414e-02   1.3447504e-02
   1.9490000e+03   2.2931325e-01   5.9519952e-02   2.5243091e-01   8.0810742e-02   1.7877153e-01   4.5332261e-02   1.3221409e-01   3.4607658e-02   2.1268580e-01   3.4343075e-02   1.9259622e-02   2.9288837e-02   1.2267367e-01   8.9048787e-02   7.8502229e-02   1.9221470e-02   1.2987613e-01   2.5941434e-02
   1.9500000e+03   1.3618878e-01   6.9621523e-02   1.6764701e-01   8.4584006e-02   1.8764304e-01   4.4221011e-02   6.2331188e-02   2.1715499e-02   2.9258304e-01   1.9001018e-02   1.6546832e-02   2.1619838e-02   1.0887379e-01   1.0151139e-01   7.3416571e-02   2.6540255e-02   6.7612970e-02   2.6729539e-02
   1.9510000e+03   1.2613377e-01   7.2936772e-02   2.1484369e-01   1.3309747e-01   2.5103211e-01   3.2883520e-02   1.0023067e-01   2.2967201e-02   1.4637183e-01   2.7388714e-02   2.4344787e-02   2.5851108e-02   1.2946441e-01   8.4130896e-02   7.8936663e-02   2.7243500e-02   1.0554539e-01   1.0138488e-02
   1.9520000e+03   1.9068300e-01   7.1509509e-02   2.6563523e-01   9.2087276e-02   2.0138615e-01   6.2753560e-02   1.2155183e-01   3.3515448e-02   4.4735389e-01   2.4563745e-02   1.9835146e-02   2.0224032e-02   1.3831809e-01   7.4106685e-02   7.5466613e-02   1.8878450e-02   7.0113017e-02   1.8686266e-02
   1.9530000e+03   9.4245918e-02   5.5868790e-02   3.1646949e-01   1.3475104e-01   1.7428038e-01   2.2757434e-02   5.0755292e-02   1.4687101e-02   6.2756909e-02   1.7284690e-02   3.5354669e-02   2.0850082e-02   1.0757792e-01   7.1829079e-02   5.4480196e-02   2.8319757e-02   5.0680071e-02   1.0035100e-02
   1.9540000e+03   1.5839222e-01   9.8078925e-02   1.6300525e-01   7.0392258e-02   1.8046123e-01   7.2816906e-02   6.8815811e-02   2.4089346e-02   7.5597756e-02   3.9968984e-02   2.6929713e-02   1.1133453e-02   1.5011942e-01   8.4565170e-02   7.5598933e-02   2.5284062e-02   1.5551834e-01   1.2069917e-02
   1.9550000e+03   2.2332040e-01   7.9644035e-02   2.1706794e-01   8.4587239e-02   1.9599355e-01   3.1520040e-02   1.1719198e-01   3.6671367e-02   8.5328084e-02   1.8118457e-02   2.3325374e-02   1.1386191e-02   1.3185002e-01   7.8744532e-02   7.0877705e-02   3.2801735e-02   9.5003537e-02   9.9004074e-03
   1.9560000e+03   2.0176871e-01   7.6877100e-02   2.5913083e-01   1.2993017e-01   1.8592115e-01   9.1306176e-02   7.1006597e-02   3.7517755e-02   1.0202842e-01   4.5828351e-02   2.7112098e-02   1.0404066e-02   1.2074773e-01   6.3350713e-02   6.9641429e-02   3.2096976e-02   1.0931355e-01   7.8856304e-03
   1.9570000e+03   1.0691675e-01   5.3695451e-02   1.5087442e-01   7.4760650e-02   1.6477401e-01   6.0072205e-02   6.0968895e-02   3.0029860e-02   6.6889496e-02   2.8942883e-02   2.4690038e-02   8.5292152e-03   1.2542389e-01   1.0569502e-01   6.7500625e-02   2.5286020e-02   5.0773845e-02   7.0796487e-03
   1.9580000e+03   9.4096997e-02   3.1825279e-02   1.9270198e-01   1.0118470e-01   1.6106563e-01   3.7373183e-02   1.2111704e-01   3.2725824e-02   1.1843195e-01   3.4259174e-02   2.4740015e-02   1.9229760e-02   1.2936650e-01   8.2448730e-02   5.0436247e-02   1.6174815e-02   8.9620349e-02   2.2740031e-02
   1.9590000e+03   1.5706252e-01   8.5047403e-02   3.7016303e-01   8.2002728e-02   2.1084663e-01   3.3039730e-02   1.2329450e-01   2.9703189e-02   5.1708819e-02   1.8827071e-02   3.3211844e-02   1.1481496e-02   1.4031000e-01   8.0887979e-02   6.7342604e-02   2.0378000e-02   1.0407139e-01   1.0299903e-02
   1.9600000e+03   1.9018218e-01   7.7030593e-02   1.3697040e-01   5.7710602e-02   1.7237458e-01   2.0705161e-02   5.1520213e-02   1.1618744e-02   1.3556165e-01   3.8088462e-02   1.2683600e-02   1.2621034e-02   1.4380427e-01   7.5677726e-02   6.3249261e-02   2.2605395e-02   1.0344170e-01   1.1089841e-02
   1.9610000e+03   1.9838938e-01   4.5395970e-02   4.2859001e-01   7.4648247e-02   1.8216993e-01   2.8778345e-02   4.9680190e-02   2.0598607e-02   5.7869000e-02   3.2228470e-02   3.2225681e-02   2.1726917e-02   9.0311062e-02   6.0836474e-02   5.7828140e-02   2.3852064e-02   1.5347178e-01   9.0188356e-03
   1.9620000e+03   2.2500287e-01   1.0049130e-01   1.2535880e-01   5.1831663e-02   1.7875155e-01   5.5338594e-02   1.2481328e-01   3.4594293e-02   1.3987180e-01   1.4998946e-02   4.8678725e-02   1.2843644e-02   1.2783367e-01   6.9567152e-02   8.7966748e-02   2.3033076e-02   1.2245508e-01   7.7259486e-03
   1.9630000e+03   1.7692800e-01   4.2589405e-02   2.3608481e-01   1.4092926e-01   1.9443455e-01   5.6801077e-02   9.2405760e-02   1.8575646e-02   1.3968336e-01   2.2723445e-02   2.5470926e-02   1.5943125e-02   1.2566447e-01   6.9992277e-02   6.8751510e-02   2.5285528e-02   6.3252492e-02   8.5490987e-03
   1.9640000e+03   2.4569049e-01   8.9574169e-02   2.7908863e-01   1.6741464e-01   2.0727193e-01   7.5148018e-02   1.0377983e-01   2.3762093e-02   1.1585331e-01   2.0235469e-02   2.3287707e-02   1.3889359e-02   1.6408303e-01   8.3777725e-02   6.8111461e-02   1.9546992e-02   1.2045619e-01   1.9720823e-02
   1.9650000e+03   2.1305306e-01   7.7870412e-02   2.6194226e-01   1.4511252e-01   2.1569535e-01   5.5130780e-02   1.3377889e-01   4.2378957e-02   7.9896471e-02   2.0310357e-02   1.1780377e-02   1.8125143e-02   1.2869893e-01   7.8870784e-02   7.1544500e-02   2.1225044e-02   1.4042169e-01   1.9732863e-02
   1.9660000e+03   2.4271408e-01   8.8164169e-02   1.4976921e-01   8.0298660e-02   1.5646689e-01   2.9824920e-02   7.3452785e-02   3.4430717e-02   1.1995007e-01   2.1146623e-02   2.2056031e-02   3.1312974e-02   1.2575149e-01   9.0365919e-02   7.6078718e-02   1.4361036e-02   1.1149030e-01   2.0690295e-02
   1.9670000e+03   1.9841824e-01   4.6870654e-02   2.4312952e-01   1.3377775e-01   1.9548089e-01   5.9070725e-02   1.0652755e-01   3.4460154e-02   1.0420412e-01   3.1660970e-02   4.6494849e-02   2.4061600e-02   1.4824054e-01   7.6832356e-02   6.0436676e-02   1.8912844e-02   1.0360864e-01   7.8891714e-03
   1.9680000e+03   2.3628103e-01   9.8310830e-02   2.2989729e-01   1.4411878e-01   1.8569277e-01   4.9751580e-02   1.3350466e-01   3.8664693e-02   1.1299219e-01   2.4782984e-02   1.4370381e-02   2.1120051e-02   1.2794792e-01   7.4522068e-02   7.5833261e-02   2.2143539e-02   9.0061913e-02   1.6923314e-02
   1.9690000e+03   1.9495142e-01   5.6898346e-02   1.8214539e-01   6.9104666e-02   2.1140231e-01   7.6901832e-02   6.0068114e-02   1.3524263e-02   1.1021591e-01   3.0420991e-02   2.7605495e-02   2.4201092e-02   1.5599511e-01   8.7734022e-02   6.7669084e-02   1.8450854e-02   6.3268654e-02   2.0038770e-02
   1.9700000e+03   2.1924800e-01   6.2111336e-02   2.7725830e-01   1.7342231e-01   1.8168898e-01   5.8904197e-02   1.2557323e-01   1.8874760e-02   1.0319314e-01   3.7835394e-02   3.4753161e-02   2.0482205e-02   1.2361378e-01   5.8714310e-02   7.0391727e-02   1.4774076e-02   1.1447412e-01   1.0084511e-02
   1.9710000e+03   2.0847753e-01   8.4869821e-02   1.4370759e-01   1.3550250e-01   1.9611132e-01   7.6427823e-02   6.2305601e-02   3.6124685e-02   9.5467892e-02   3.6036894e-02   3.1249548e-02   2.2129862e-02   1.1781272e-01   5.8379754e-02   7.6811374e-02   2.3249396e-02   1.1600853e-01   8.4127485e-03
   1.9720000e+03   2.2446834e-01   9.6278506e-02   2.6407594e-01   1.1196118e-01   2.4064343e-01   7.8922850e-02   1.0137883e-01   3.0524664e-02   1.4535261e-01   4.1785843e-02   1.6227931e-02   1.3337660e-02   1.2943449e-01   1.0261968e-01   6.3427693e-02   2.2709954e-02   1.0064530e-01   7.7744627e-03
   1.9730000e+03   2.5229182e-01   6.7465697e-02   2.0351155e-01   6.5378184e-02   1.9675022e-01   1.0343754e-01   1.2148653e-01   2.9405583e-02   8.1292710e-02   3.9979785e-02   3.1201881e-02   1.6686012e-02   1.1885020e-01   7.3828944e-02   7.6839301e-02   1.3680959e-02   1.6464579e-01   2.2884054e-02
   1.9740000e+03   1.4928304e-01   1.0117193e-01   2.1965239e-01   9.9559027e-02   1.9000504e-01   6.6788426e-02   5.4226698e-02   3.1799136e-02   1.3175762e-01   1.4097785e-02   3.5655457e-02   1.8994799e-02   1.3283947e-01   9.5258105e-02   8.5048290e-02   2.9663451e-02   1.6092500e-01   9.5013394e-03
   1.9750000e+03   2.4084004e-01   6.6445241e-02   2.5229149e-01   4.8608962e-02   1.9350318e-01   7.6218588e-02   1.1816973e-01   3.0841524e-02   1.6613839e-01   3.5027958e-02   3.3239255e-02   7.8388175e-03   1.0434551e-01   9.4646775e-02   7.5005504e-02   3.0389542e-02   8.0791940e-02   5.6439466e-03
   1.9760000e+03   2.1008153e-01   6.9418506e-02   2.6167969e-01   1.2105855e-01   2.1358951e-01   4.5348949e-02   1.0427389e-01   2.4477674e-02   7.3593896e-02   2.9143280e-02   3.1961647e-02   9.6707249e-03   1.2348273e-01   8.2873925e-02   8.3441120e-02   3.0203646e-02   1.1565234e-01   2.1812201e-02
   1.9770000e+03   1.6153408e-01   7.1880233e-02   1.5607945e-01   1.0904656e-01   2.3796419e-01   3.8213794e-02   1.0125809e-01   4.1591358e-02   1.2442502e-01   1.8614100e-02   1.1668250e-02   2.7013827e-02   1.2160601e-01   6.3075196e-02   9.3384979e-02   1.7305407e-02   1.4654623e-01   1.7446450e-02
   1.9780000e+03   9.9676984e-02   4.8638867e-02   1.8135767e-01   1.3839931e-01   1.7400810e-01   6.6641825e-02   8.0834396e-02   2.3015248e-02   1.3724050e-01   1.8885334e-02   1.2541637e-02   1.0738416e-02   1.1973976e-01   5.8975991e-02   1.0247888e-01   2.5177636e-02   7.6154479e-02   1.1157473e-02
   1.9790000e+03   1.0913206e-01   3.7645592e-02   3.0233456e-01   1.7634851e-01   2.4248631e-01   2.7403720e-02   6.8442169e-02   2.4125981e-02   5.3520235e-02   2.1620744e-02   3.1090621e-02   1.0111450e-02   1.4724455e-01   8.3353668e-02   6.3809551e-02   2.4388882e-02   6.9310450e-02   6.9679920e-03
   1.9800000e+03   1.4534455e-01   4.9662929e-02   3.5749390e-01   9.1482559e-02   1.9626565e-01   4.7545859e-02   1.0308499e-01   1.3148226e-02   1.9549714e-01   1.6176956e-02   2.9148786e-02   1.7455917e-02   1.1232643e-01   6.5397891e-02   7.6779771e-02   1.8384856e-02   1.1088178e-01   9.6071830e-03
   1.9810000e+03   1.5156305e-01   5.4168196e-02   1.6709343e-01   8.2352431e-02   1.9661093e-01   7.1425122e-02   9.2604296e-02   3.0702005e-02   1.0713299e-01   1.7996684e-02   3.7128095e-02   2.4977251e-02   1.1610897e-01   8.7247465e-02   5.9328790e-02   2.8074173e-02   1.3394581e-01   1.0272944e-02
   1.9820000e+03   2.0409136e-01   7.2943237e-02   2.5534100e-01   1.2551617e-01   2.0363611e-01   3.7980861e-02   1.3074797e-01   3.3898971e-02   2.0281638e-01   2.0340991e-02   2.4061968e-02   2.4833651e-02   1.3336062e-01   7.1281835e-02   5.9428523e-02   2.7188995e-02   8.4508272e-02   8.8381238e-03
   1.9830000e+03   1.7756888e-01   6.7448100e-02   1.7815272e-01   1.5974951e-01   1.9383018e-01   3.6384613e-02   1.2963502e-01   2.8494021e-02   1.0148377e-01   3.5433714e-02   1.9619320e-02   2.6762133e-02   1.3116859e-01   1.0626026e-01   3.2925208e-01   1.1818293e-02   1.1391705e-01   2.0861901e-02
   1.9840000e+03   1.6460375e-01   8.4487149e-02   1.9651092e-01   5.6729779e-02   2.0012926e-01   4.9935877e-02   5.2286405e-02   3.7113516e-02   5.5400690e-02   3.1586258e-02   5.5520800e-02   2.7261820e-02   1.1479360e-01   5.5586298e-02   6.9679159e-02   2.4019278e-02   6.3587081e-02   1.9754645e-02
   1.9850000e+03   1.7489133e-01   9.1542817e-02   1.8708066e-01   5.0906707e-02   1.8186927e-01   9.4683932e-02   5.2744643e-02   3.0852534e-02   1.0347934e-01   3.8781589e-02   2.8220700e-02   2.4273838e-02   1.1905776e-01   5.6593285e-02   7.2015471e-02   2.3189136e-02   8.4682335e-02   7.5743225e-03
   1.9860000e+03   2.2467584e-01   8.4215576e-02   3.3698266e-01   1.8392693e-01   2.0851423e-01   6.8776420e-02   5.0646539e-02   4.0983874e-02   1.7634499e-01   2.9725620e-02   3.1323586e-02   1.9891584e-02   1.1550708e-01   9.3737834e-02   7.5120583e-02   2.7323242e-02   7.4134937e-02   6.2726941e-03
   1.9870000e+03   2.2682720e-01   3.9007962e-02   1.6845835e-01   8.2055366e-02   2.1541911e-01   5.5419013e-02   9.9493786e-02   2.7674276e-02   1.0538679e-01   4.4801921e-02   5.2335833e-02   1.7386005e-02   1.3238116e-01   1.0616574e-01   7.9812367e-02   1.5793592e-02   9.0001979e-02   6.8600470e-03
   1.9880000e+03   2.3139552e-01   6.1706569e-02   1.1148385e-01   1.0895474e-01   1.8971063e-01   4.2010732e-02   4.9545205e-02   1.2405225e-02   1.4401401e-01   2.9752875e-02   2.7803400e-02   1.4549321e-02   1.2924148e-01   7.8171705e-02   8.3928082e-02   1.3944443e-02   5.5209879e-02   8.9991089e-03
   1.9890000e+03   8.5057345e-02   3.1552096e-02   2.3609117e-01   8.9915073e-02   1.9014782e-01   5.7265527e-02   1.0556405e-01   2.4334577e-02   8.6351068e-02   2.1607180e-02   2.6295086e-02   3.0647703e-02   1.2846924e-01   8.6455036e-02   7.2307343e-02   2.3651043e-02   7.0671419e-02   1.3658717e-02
   1.9900000e+03   9.8686203e-02   3.2422876e-02   1.4619182e-01   6.0191716e-02   2.0248630e-01   4.0352363e-02   4.9668637e-02   2.1453864e-02   9.7236886e-02   1.9390152e-02   1.8946865e-02   2.2202664e-02   1.1048779e-01   6.0145260e-02   7.7017518e-02   2.2529327e-02   5.8278774e-02   6.3853840e-03
   1.9910000e+03   1.6372902e-01   7.0650173e-02   1.1754671e-01   4.5496274e-02   1.7083676e-01   2.8827781e-02   5.4131617e-02   4.5841522e-02   6.7736045e-02   1.4755301e-02   1.2781139e-02   3.3745896e-02   1.3755886e-01   8.4413176e-02   8.1131666e-02   2.4129611e-02   1.0465898e-01   8.9093699e-03
   1.9920000e+03   1.7558484e-01   5.0098352e-02   2.9757031e-01   1.8740029e-01   1.9872730e-01   6.6107500e-02   8.9435850e-02   4.1982289e-02   1.7542986e-01   3.1452258e-02   1.3842968e-02   1.3069832e-02   1.4816058e-01   9.2666239e-02   6.7458865e-02   1.2232050e-02   1.3639856e-01   1.5674524e-02
   1.9930000e+03   8.3141060e-02   3.2469055e-02   1.1280267e-01   1.3316408e-01   1.9878952e-01   6.5142205e-02   4.4989547e-02   2.1029961e-02   7.2162274e-02   3.0593342e-02   3.3859827e-02   1.0176003e-02   1.5277515e-01   8.0423002e-02   7.7566094e-02   1.9763194e-02   8.7391630e-02   1.1707234e-02
   1.9940000e+03   9.9275634e-02   3.0070069e-02   1.6200226e-01   1.2479181e-01   1.6368636e-01   5.3135652e-02   1.3235430e-01   3.0691620e-02   1.5860221e-01   2.4783489e-02   1.1162622e-02   1.4130640e-02   1.1126037e-01   7.3632975e-02   5.1118645e-02   2.0079047e-02   7.2374874e-02   1.6125604e-02
   1.9950000e+03   8.2402524e-02   3.3947450e-02   1.3386360e-01   6.2662842e-02   1.8847064e-01   9.7643366e-02   5.7631928e-02   3.7557229e-02   5.5403158e-02   3.2035097e-02   2.8836421e-02   9.8827419e-03   1.1142340e-01   7.4727233e-02   5.9549908e-02   1.5870171e-02   1.5992813e-01   1.3812281e-02
   1.9960000e+03   1.6318349e-01   8.2815346e-02   2.0936650e-01   1.8364483e-01   2.4834244e-01   2.7405760e-02   1.1640841e-01   4.2730320e-02   1.2327829e-01   2.9915115e-02   2.1209280e-02   2.1282838e-02   1.3970053e-01   1.4020482e-01   7.6677248e-02   2.0435672e-02   1.2057620e-01   2.0086063e-02
   1.9970000e+03   9.5214968e-02   7.5752390e-02   2.7381069e-01   1.2468025e-01   2.1681377e-01   5.7379357e-02   1.0715689e-01   2.2889064e-02   1.7584725e-01   1.3057574e-02   1.4253352e-02   3.6078703e-02   9.8636941e-02   6.1737942e-02   7.1072245e-02   2.4026235e-02   7.0734871e-02   1.7724356e-02
   1.9980000e+03   1.5222264e-01   2.8024641e-02   8.3521754e-02   1.0232945e-01   1.9100022e-01   5.7774667e-02   3.7764255e-02   3.8306154e-02   6.8073131e-02   1.4269071e-02   9.3034122e-03   7.9592190e-03   1.0085007e-01   8.1021866e-02   6.8865937e-02   9.4279626e-03   1.1721268e-01   1.5492395e-02
   1.9990000e+03   1.7625355e-01   7.4170635e-02   1.6105625e-01   1.2061407e-01   2.0709213e-01   8.3862686e-02   9.4817132e-02   2.5621791e-02   7.0135212e-02   1.4422059e-02   1.0013979e-02   1.8013367e-02   8.3204281e-02   5.6973742e-02   6.8924156e-02   1.8370492e-02   5.8452103e-02   8.4049296e-03
   2.0000000e+03   2.3077466e-01   8.2075789e-02   1.7567094e-01   1.0913749e-01   2.0640709e-01   3.0594132e-02   5.3931836e-02   2.8489950e-02   4.8680537e-02   2.1663271e-02   9.7297882e-03   1.2017107e-02   8.4794926e-02   5.3624976e-02   7.5030593e-02   2.4909848e-02   7.9584389e-02   8.0185824e-03
   2.0010000e+03   1.6127757e-01   5.1929574e-02   2.0488728e-01   7.0507146e-02   1.6544001e-01   3.0225358e-02   4.4840387e-02   1.9346087e-02   6.3533758e-02   1.6591607e-02   2.6361660e-02   1.1135273e-02   8.7768838e-02   4.8625211e-02   6.0335051e-02   2.5317091e-02   1.2348293e-01   1.3080461e-02
   2.0020000e+03   1.6129123e-01   9.0407769e-02   1.2285280e-01   8.8089176e-02   1.5492507e-01   2.7223859e-02   3.6544462e-02   1.1211315e-02   9.8934098e-02   1.4853761e-02   8.7270456e-03   2.0744907e-02   1.0918388e-01   6.7412192e-02   5.9789706e-02   2.4066444e-02   1.2366296e-01   7.9023761e-03
   2.0030000e+03   9.3211607e-02   4.6071830e-02   9.6027436e-02   6.7522378e-02   1.3728322e-01   2.2985613e-02   4.5658952e-02   1.3165682e-02   9.7458575e-02   1.8846087e-02   6.0402318e-03   1.2931986e-02   1.3345031e-01   7.6522369e-02   5.8797993e-02   2.1299955e-02   1.1288028e-01   1.4621025e-02
   2.0040000e+03   7.4956032e-02   3.6347872e-02   2.4790414e-01   8.2182928e-02   1.7028760e-01   2.3170343e-02   3.9013077e-02   2.0820130e-02   7.2809725e-02   1.9080427e-02   1.3512696e-02   3.1034446e-02   1.0938746e-01   6.3492337e-02   6.7693928e-02   2.4230999e-02   5.3187447e-02   1.5273676e-02
   2.0050000e+03   8.5635973e-02   5.0579423e-02   8.4511225e-02   1.3616360e-01   1.5888708e-01   7.0447783e-02   3.7271134e-02   3.2838082e-02   6.3697354e-02   2.3037456e-02   9.6338129e-03   1.3263531e-02   9.3852037e-02   8.6253732e-02   4.5793908e-02   1.3407676e-02   5.5528737e-02   1.6201699e-02
   2.0060000e+03   1.3154714e-01   3.0684325e-02   1.8018302e-01   1.1803318e-01   1.8108498e-01   3.0869753e-02   3.4551365e-02   1.2167845e-02   9.4313487e-02   2.0758821e-02   8.7307649e-03   1.4043309e-02   7.1829198e-02   5.8698949e-02   4.7660852e-02   2.1623793e-02   8.3030948e-02   9.4666009e-03
   2.0070000e+03   1.3239923e-01   8.9877244e-02   8.9766392e-02   1.2155806e-01   1.7179799e-01   3.9376542e-02   3.6063102e-02   3.7569946e-02   1.1526489e-01   1.6660250e-02   1.1076649e-02   7.6465780e-03   8.0053246e-02   6.4123449e-02   4.7115413e-02   1.8492685e-02   8.3162452e-02   1.1148541e-02
   2.0080000e+03   2.1652610e-01   6.3788003e-02   1.0189684e-01   9.5991427e-02   1.7322240e-01   2.4094116e-02   5.3790872e-02   3.0059309e-02   5.7998943e-02   1.3952890e-02   1.3751768e-02   1.4532088e-02   9.7070603e-02   5.4166134e-02   5.4063960e-02   2.4596587e-02   7.3946018e-02   9.2109688e-03
   2.0090000e+03   1.5244466e-01   3.7092893e-02   8.2672273e-02   1.1896797e-01   1.6187407e-01   3.1558533e-02   3.9313258e-02   1.5446828e-02   7.3479650e-02   3.1787819e-02   9.6617906e-03   2.3377418e-02   1.2334256e-01   7.0503716e-02   3.7665021e-02   2.1040822e-02   7.8848992e-02   1.7303716e-02
   2.0100000e+03   9.3492222e-02   7.8186778e-02   1.1970911e-01   1.1796918e-01   1.6564404e-01   2.2565372e-02   5.2283408e-02   2.3095271e-02   8.5205063e-02   3.7933306e-02   1.5829348e-02   6.6399624e-03   1.1895551e-01   7.9201568e-02   4.0891483e-02   1.5105703e-02   1.5505091e-01   1.9691379e-02
   2.0110000e+03   1.6765572e-01   6.2571314e-02   8.1144395e-02   1.4112711e-01   1.7482232e-01   3.9362479e-02   3.1804264e-02   1.3119775e-02   5.8470549e-02   1.7889054e-02   1.0866021e-02   1.3573600e-02   8.1777447e-02   5.0273720e-02   4.7251432e-02   2.2446857e-02   8.1448072e-02   1.1412762e-02
   2.0120000e+03   2.3815065e-01   5.7309816e-02   8.7708108e-02   1.0590227e-01   1.9217120e-01   6.1220406e-02   4.1707625e-02   3.8493279e-02   4.1875690e-02   1.5043705e-02   1.1487720e-02   6.7612499e-03   7.7894993e-02   6.0914499e-02   4.4549441e-02   2.2031058e-02   9.4374699e-02   1.1038482e-02
   2.0130000e+03   1.2975801e-01   3.4167321e-02   1.9062380e-01   6.2786158e-02   1.6088644e-01   6.9660213e-02   3.1818897e-02   1.3119003e-02   4.9375630e-02   2.9449411e-02   1.7658424e-02   9.6588516e-03   8.0295689e-02   5.3409209e-02   5.1150755e-02   2.1573809e-02   8.1052118e-02   1.1106855e-02
