38 38 0
39 39 2
41 41 3
42 42 5
44 44 6
45 46 8
47 47 9
48 49 11
50 50 12
52 52 13
53 54 14
55 55 16
57 57 17
58 58 18
60 60 19
62 62 20
63 64 22
65 65 23
67 67 24
69 69 26
70 70 27
72 72 29
74 74 30
76 76 31
78 78 33
79 79 34
81 81 36
83 83 37
85 85 39
87 87 40
89 89 42
90 90 43
92 92 45
94 94 46
96 96 48
98 98 50
100 100 51
102 102 53
104 104 54
105 105 56
107 107 57
109 109 59
111 111 61
113 113 62
115 115 64
117 117 65
119 119 67
121 121 69
123 123 70
125 125 72
127 127 74
129 129 75
131 131 77
133 133 79
135 135 80
137 137 82
139 139 84
141 141 85
143 143 87
145 145 89
147 147 90
149 149 92
151 151 94
153 153 95
155 155 97
157 157 99
159 159 101
161 161 103
163 163 105
165 165 106
167 167 108
169 169 110
171 171 112
173 173 114
175 175 117
177 177 119
179 179 121
181 181 123
183 183 125
185 185 128
187 187 130
189 189 133
191 191 135
193 193 137
195 194 140
196 196 142
198 198 145
199 199 147
201 201 150
202 202 152
204 204 155
205 205 157
207 206 159
208 208 162
209 209 164
210 210 167
212 212 169
213 213 171
214 214 174
215 215 176
217 216 179
218 218 181
219 219 183
220 220 186
221 221 188
223 222 190
224 224 193
225 225 195
226 226 198
227 227 200
228 228 202
229 229 205
231 230 207
232 232 209
233 233 212
234 234 214
234 235 216
235 235 218
236 236 221
236 237 223
237 238 225
237 238 227
237 239 228
237 239 230
237 239 232
237 239 233
236 238 234
235 238 235
234 237 236
232 237 236
231 236 236
229 234 237
227 233 236
225 232 236
223 230 236
221 229 235
219 227 234
217 226 233
214 224 233
212 222 232
210 220 231
207 219 229
205 217 228
203 215 227
200 213 226
198 212 225
195 210 223
193 208 222
191 206 221
188 204 220
186 202 218
183 201 217
181 199 216
179 197 215
176 195 213
174 193 212
171 192 211
169 190 210
167 188 208
164 186 207
162 184 206
160 183 205
157 181 203
155 179 202
152 177 201
150 175 200
148 174 199
145 172 197
143 170 196
141 168 195
138 166 194
136 165 192
134 163 191
131 161 190
129 159 189
127 158 187
124 156 186
122 154 185
120 152 184
117 150 183
115 149 181
113 147 180
111 145 179
108 143 178
106 142 177
104 140 175
101 138 174
99 136 173
97 135 172
95 133 170
92 131 169
90 130 168
88 128 167
86 126 166
84 124 164
81 123 163
79 121 162
77 119 161
75 117 160
73 116 158
71 114 157
68 112 156
66 110 155
64 109 153
62 107 152
60 105 151
58 104 150
57 102 148
55 100 147
53 98 146
52 97 144
50 95 143
49 93 141
47 91 140
46 90 138
45 88 137
44 86 135
43 84 134
42 83 132
42 81 131
41 79 129
41 78 128
40 76 126
40 74 125
40 73 123
40 71 122
40 69 120
40 68 118
40 66 117
40 64 115
40 63 114
40 61 112
40 60 111
40 58 109
40 57 107
41 55 106
41 54 104
41 52 103
41 50 101
41 49 100
41 47 98
42 46 97
42 44 95
42 43 94
42 42 92
42 40 91
42 39 89
42 37 88
43 36 86
43 34 85
43 33 83
43 31 82
43 30 80
43 28 79
43 27 77
43 25 76
